0,0.29006393229379457,0.2338649840844319,0.3320040533049772,0.5296475173500238,0.7282197254856113,0.7157996163627707,0.24979532604613752,0.8423054956038136,0.5463198803215974,0.3726200623573568,0.8796839268911181,0.20684470265637445,0.4171423796561584,0.8647529480062811,0.9883773967473931,0.07115429548049068,0.2263905540669615,0.32279359311957023,0.4969244529593958,0.007164016846966104,0.28275967333494734,0.5657605212463437,0.3047179316769465,0.8935324777291258,0.39181725356397756,0.6683779194978152,0.13409997652084849,0.3800639605523197,0.590235997964257,0.5695628904850603,0.0627494971767022,0.35506680009945446,0.37247208725535175,0.0744169280301108,0.8998464013211706,0.9414698456211814,0.9747350330814667,0.1475902015503049,0.9754656080538622,0.5930891712996116,0.7103100141147048,0.03750294190929926,0.7283560065389714,0.5612523817630385,0.9784711848781882,0.8099844669360473,0.24608662127057024,0.09247564943257847,0.6233498591769465,0.9733271184485126,0.5787093808389014,0.4027605015187167,0.7620896233199023,0.15242548041459125,0.6147165655025859,0.7605759205913954,0.9248357023380893,0.8412230780492045,0.15398893415586,0.44247972208889474,0.3398908508570794,0.6461032726727679,0.3035193007056639,0.8928069903171555,0.010008414286608258,0.7136366591547519,0.12376154711196796,0.6914814980132173,0.2216103405459594,0.5266294372427924,0.27882493975723466,0.22738231080883242,0.9454664319439753,0.27673601089556954,0.6992943064699566,0.4373543341178976,0.3466946454824361,0.0785674626336541,0.3959076856990552,0.43707844063570767,0.4757499660517718,0.7045967749356604,0.4190407260690012,0.4053042623103025,0.5682594534630557,0.5062154963291065,0.8095887985415495,0.701704039776135,0.17525699364834968,0.48455432156233125,0.028124174402571422,0.6951977071703488,0.6852934873669478,0.46117075135407126,0.4896757659479003,0.027040904316671832,0.36773308550030726,0.7115811140880329,0.8120150125755554
0.29006393229379457,0,0.6528156842877613,0.2345562449122527,0.030981129205057023,0.1886498018239341,0.7149013520735829,0.853994534857662,0.14663064321669372,0.3290189487619132,0.46660836613871903,0.3690980462857859,0.3180299953472502,0.7033841688654487,0.28219919184429054,0.009658479617123517,0.8618771125333569,0.6471898036831639,0.7913332922894531,0.4062747051784552,0.1520575901174226,0.5753711716214548,0.28184195050792815,0.9934302652079785,0.4081848317878378,0.0722383118526998,0.10069746636716503,0.8136411826407671,0.06580162277678925,0.7768279851103297,0.5683161624923183,0.35542008341386666,0.2639771964117392,0.3542023936252715,0.4136699956508568,0.833382364495003,0.07847130355487464,0.7071623847876801,0.44783625709562525,0.043068935219233606,0.551681875921676,0.810116280417415,0.2513725749928184,0.0396550512115138,0.7727819709337471,0.7747176678130532,0.3401589314892287,0.5111554971629789,0.8053594964383026,0.6969058969326878,0.29933756616148377,0.36792294372804235,0.06805532442214779,0.8888364977583026,0.9281986659201185,0.9603621031925988,0.12059837067183377,0.2235115850235876,0.5360930259083653,0.9309012749098934,0.3824247407269664,0.14261476887796476,0.8763716739297546,0.4396041808918293,0.07608742458546591,0.38864204318723305,0.16952772585313325,0.5267064418724934,0.8280770153560388,0.803902726412688,0.49138082355442325,0.35261277229744215,0.6564986215099814,0.3335473513879015,0.049826071262021654,0.7696494819782576,0.4051069987048799,0.4602855303556549,0.1380166900242109,0.8357968458220014,0.45250681118408975,0.223386655813946,0.41914570932969175,0.48729069809669157,0.6558238636897096,0.25414447023695974,0.7662706765793755,0.6531168102687908,0.310127257790339,0.40499990399295005,0.4446181437170984,0.6374406875233782,0.27834743376026483,0.7366816053819236,0.6064979251710781,0.7918381022274654,0.5804192152379094,0.6805206810109569,0.796707510427995,0.1948975299787471
0.2338649840844319,0.6528156842877613,0,0.4001568261363918,0.3461803901719047,0.09971395577666775,0.7086159643382068,0.10989900596243884,0.13842845007681726,0.06964191162724476,0.28015693985917056,0.03011187572213847,0.2071084737080804,0.9582527091336931,0.22960140655044703,0.2404072498559604,0.8850057797649894,0.9946316535523033,0.9608278912036995,0.30603213412021457,0.3511440741928977,0.5527249286897901,0.629849009573058,0.6315247057802796,0.9337429683665551,0.336847740728367,0.7540036294299522,0.826566910747111,0.09944743246274734,0.9748858092347641,0.9799460280604825,0.8906417353252111,0.39272000926038364,0.23971145541320138,0.6247106721636759,0.03641586595698321,0.4814650258044971,0.6614138056986332,0.5826349584946566,0.7929574324673954,0.3598814836963842,0.7346440665134247,0.2124918990542397,0.8338503646462692,0.48140463477739626,0.635140153059384,0.7146536418460683,0.49640920672893085,0.1445873167922308,0.5718857102312783,0.8518210951090818,0.0533866755605914,0.048240977519646955,0.8916438718808064,0.6889527037851275,0.5117970386813144,0.8928765313386394,0.38443711086844135,0.795340810277668,0.18338773780524786,0.6520920732053628,0.6689222532589686,0.31652187233477747,0.3363814187889064,0.17605029639942404,0.660637824935264,0.35661091476748663,0.667650047398692,0.09320425048772896,0.5988004896187965,0.7153775162657106,0.9388611801249989,0.45382241544632007,0.33216006603716497,0.4353670165282655,0.7328658399337916,0.6182905921349764,0.5586920775460924,0.182702323586041,0.11546384970873624,0.06522984813177357,0.012298454129683223,0.6322877564637538,0.43064657419446706,0.3706371816302667,0.9836273630961723,0.15704352731347526,0.816453287819327,0.19403836701134947,0.6143053135318479,0.7656600398977147,0.7669710025127208,0.1269694269976308,0.21144016812280997,0.5832144761113397,0.7339645032120393,0.843188376798984,0.5283195787117032,0.04010869243662363,0.7926639080628328
0.3320040533049772,0.2345562449122527,0.4001568261363918,0,0.5212422792590297,0.6538368619413764,0.329006246564988,0.30723585499067374,0.015865184885060835,0.7079230970427587,0.2617848816277092,0.1243316523286796,0.7193584782520116,0.30426640016497064,0.9935273309633225,0.33138362462229853,0.48308878118318865,0.0929019372281642,0.9344476795937561,0.8365268034162981,0.1472734418341627,0.3753967099072122,0.6014046336804001,0.69737207009392,0.464010525397189,0.17875083897469302,0.6228813084536702,0.6038529862251492,0.202527114276425,0.329543135586034,0.7723367983368606,0.665213652523841,0.8483770080500252,0.1920113934994917,0.17316099631221138,0.40623184749807073,0.570043093924368,0.6740231581013217,0.3719746669342402,0.11829583855818648,0.188602326445383,0.16039252870908183,0.21345412071822245,0.13045220580957217,0.3388616275507472,0.7769210525391227,0.3359396415179119,0.7457423046691087,0.633543718504257,0.8260375057615237,0.8399368786448225,0.1551917022448085,0.29781405078540113,0.7636318756184034,0.11607997245415169,0.48580412067534684,0.8331311981804661,0.6270234291441581,0.26842062940630795,0.5812059875403843,0.36646466755965157,0.4714246378013729,0.8262649815364929,0.3260596717435671,0.8329059496968643,0.13703210519897158,0.7737909772580188,0.982335385752248,0.3176759079760705,0.4313156209694442,0.8023606483598844,0.8735711672383654,0.5555745517801204,0.33277442899253595,0.3962789835350139,0.7128580554127839,0.39690588102735624,0.9732033587277639,0.3284692896118394,0.37781046212738034,0.3517350242431746,0.16452963257173525,0.11388332263393186,0.16786575620671584,0.6356549608748715,0.4185209448888523,0.38724175794134896,0.8603139283569814,0.7032501786711546,0.4139589999020269,0.9116013871364912,0.3511164137449483,0.10481238356252365,0.5484922562605308,0.03373487806127817,0.9690317372546272,0.2179518992176317,0.3179742425893346,0.763062226022572,0.46353316139682776
0.5296475173500238,0.030981129205057023,0.3461803901719047,0.5212422792590297,0,0.9716822234815568,0.9513674682757752,0.9604255543297298,0.9806516118367291,0.5905602416884035,0.9858924067069806,0.9797734970228299,0.032367826385706566,0.5040775967232857,0.6332018079557408,0.39372903908189993,0.8690705229828691,0.20545433944937141,0.3450235034128911,0.675168351832662,0.11138596857070626,0.5292358454892638,0.43466572395872694,0.3785137795511462,0.9635507999212107,0.7933568655196627,0.8626560427040622,0.04300989287089374,0.32085445162640513,0.3901471625976458,0.9500932658364272,0.699334185800767,0.1128618967515983,0.1099084030953652,0.05281904657792136,0.03885277012200261,0.8642191252187205,0.29296749820323176,0.0795117104792119,0.42530912299023327,0.44089523247965856,0.625416055993237,0.650469756281088,0.18320386755121565,0.18036562918180887,0.07788991828477576,0.3584694446311115,0.06887595763290644,0.28053860788534835,0.5486108446973716,0.841599024831784,0.22807292944170432,0.2998529420556256,0.8871238388244275,0.3427962543332872,0.3852896639054282,0.9676368593096597,0.5531756074071095,0.7645227119326395,0.20281039466375383,0.6437964730959326,0.508324338161415,0.4968645534043987,0.970237866649504,0.2442671946785524,0.15835795135530573,0.5034585530714356,0.3817630593173875,0.11653652450245411,0.6066329717982022,0.892501439462729,0.7945885271123412,0.30805051233941694,0.5434274044707401,0.8826348250653636,0.12669415771144799,0.9875798681408868,0.1799661937318463,0.32751186666598964,0.24251284035317988,0.03957687441090685,0.4658636226983558,0.017758266047667504,0.345433216475004,0.21652762471316434,0.7049506844489102,0.3094361623364882,0.37871396969051396,0.7726910744413263,0.20938820602497032,0.6385353563509696,0.8775656600380551,0.14017431058544194,0.7115692196572272,0.07564123331063588,0.975246110415678,0.6413544265992579,0.5690691335537955,0.9516029175411288,0.8626751653118867
0.7282197254856113,0.1886498018239341,0.09971395577666775,0.6538368619413764,0.9716822234815568,0,0.6506910921913633,0.039304388424822534,0.09901362911660527,0.601638122859111,0.1535519449871643,0.2485742633531023,0.5232441629818462,0.9813982751232837,0.9904611133896335,0.11972551680111654,0.14200722575742386,0.5637759552958789,0.09261462930473752,0.09452962574050461,0.02015980296368558,0.6684117341679707,0.4511307555032833,0.2141483621979814,0.11684271882107267,0.3753494020808823,0.754076235635562,0.4867811250221038,0.29843810081924105,0.3458340080660718,0.6796152734337423,0.1293033449826132,0.08012404402059747,0.8164343272376618,0.8388352487260694,0.988614043291517,0.9276997154569672,0.14282678641057744,0.8499343529091654,0.5424911466201771,0.13354343164785276,0.46383350066864837,0.19139828322279318,0.9965953748595092,0.9476856193391751,0.7503690675226401,0.12874273461525854,0.9949999144944386,0.9903098146289471,0.38780852816420375,0.4535350187938485,0.5254539574200303,0.23731325123116886,0.8791158048071603,0.952401463038421,0.5580048146134383,0.2625143792864797,0.5248535714942665,0.9872954899459188,0.04123886078909955,0.27178504431322525,0.5932585784281994,0.7261056657484839,0.65655472402027,0.6850669909389289,0.6515626547270492,0.6932430978097789,0.8364996970587341,0.9918639011599044,0.8973178569095772,0.6633887829429584,0.5370330686480226,0.43717476221107165,0.6707604716673902,0.6047832968121709,0.26560523093914246,0.9375558817363441,0.0356875980803657,0.3129551378264036,0.2926249893103843,0.5064263406174903,0.02344708334969181,0.2730672294229268,0.8236276617700052,0.2402250585784993,0.7059945813893168,0.7474422125910654,0.5562008384022291,0.18094247070912872,0.3506793344355088,0.9976458489517654,0.3165808944799984,0.4264794548328219,0.5932576015723389,0.9318028268253719,0.36775520978552334,0.3374417352326826,0.713912363945117,0.5394612668664083,0.8877697646833864
0.7157996163627707,0.7149013520735829,0.7086159643382068,0.329006246564988,0.9513674682757752,0.6506910921913633,0,0.8506402942679671,0.7869903004842015,0.05847983713791649,0.9809578208625924,0.41344768215171857,0.8729661893000729,0.3136449455448642,0.4007984039464163,0.4032986376849662,0.08474602831278877,0.8370122390015219,0.07813013417209691,0.6730355421167604,0.8310243074235028,0.12648803332018865,0.43419287697119535,0.8125291214329927,0.41113900331504705,0.11850471029404719,0.8754186999278205,0.15696952423053911,0.23880000402434487,0.8973748209981558,0.6266804173178715,0.44625301328440437,0.06833043852760334,0.6125950952554088,0.9342047589940942,0.33715752253639475,0.9730209679869566,0.46394078614519774,0.7782785071495265,0.6288820584676843,0.21762283347694933,0.4618072706995896,0.8192032952940451,0.6700574279282525,0.885257449774297,0.14549804082953255,0.2605354701109662,0.8673739902559429,0.8375781087981627,0.2971482044290572,0.16150860637578401,0.3931284459786494,0.9542129882155141,0.3096299027079028,0.22986750479345996,0.07322852497985732,0.992532910152653,0.4794967610225037,0.940098453482857,0.1981399223734932,0.40584805311921546,0.7977704552696018,0.6747006811855597,0.8966387009765033,0.7505945410537447,0.9099316116155914,0.744261904841044,0.05355363397956869,0.195685449658625,0.7126924245418111,0.07351944474264505,0.016841745663879082,0.48530865619675545,0.6373087572833868,0.06738059536500396,0.8593573853634796,0.7968653236745868,0.4906807229386019,0.7892304312518393,0.3638449212397006,0.15216775142630778,0.8376955645219393,0.9062844647933438,0.004345971085217504,0.478435012897925,0.14624202315125223,0.13202532849557225,0.8226637667507508,0.2692755190169057,0.23584243016765805,0.0042419095532849616,0.8964931326038155,0.049885109053158905,0.20106599395467784,0.18817814870966432,0.9420258850345751,0.5992476374825435,0.4555074545077402,0.3769598792943616,0.5062517473603917
0.24979532604613752,0.853994534857662,0.10989900596243884,0.30723585499067374,0.9604255543297298,0.039304388424822534,0.8506402942679671,0,0.8192194429072992,0.023846389827556824,0.030318537792674682,0.13958339154429056,0.5498142116558974,0.44294797923086826,0.9325550557703246,0.6582685780992208,0.6320601969572744,0.9108892682029336,0.49713735802298853,0.5724359416422702,0.38733518243548204,0.6096798368327186,0.3526976091352815,0.2595280240474864,0.6310023248232892,0.6750708779587644,0.5073207835361061,0.8959605763695815,0.4842566861849261,0.5939528663462296,0.739706987089097,0.0647472559532083,0.6570819921844205,0.9205305454512732,0.7358441628259699,0.285083724186452,0.5908181508667971,0.19200658653045166,0.40121526558710685,0.14213974460452095,0.8074095386418718,0.09043292401780756,0.5265611951247336,0.07992486926897824,0.39328641378475226,0.9228468142950782,0.36486393836494324,0.2860885193443691,0.4763774168841244,0.44147660496948915,0.6628503920559509,0.3267711663644113,0.06489449818550452,0.6268088197187659,0.04378629339560136,0.5838228123757548,0.10832518499258337,0.08390967565330054,0.47305508996983325,0.5723552920846876,0.904601250206252,0.6077459020348513,0.46195309970575227,0.4274163551825527,0.2518693874691267,0.6553035041632391,0.21282287214370676,0.20078517859927525,0.09570430989728695,0.1943005506774973,0.6585438392051172,0.2698841845782419,0.015588160766163428,0.23391033903484926,0.5696193782612154,0.20934957336158422,0.4853800481886891,0.6569483933606394,0.5199104057034093,0.2829769389745488,0.5126473155171658,0.9048481145453894,0.3133954619537529,0.44839874624427867,0.9078203551232245,0.7336986386934723,0.22497714004398994,0.8454699277173727,0.6947839586191549,0.31058880790420595,0.4880504587932156,0.7612038405349194,0.010326788853710522,0.8756351663033733,0.46412111651665844,0.011994862375449444,0.34537882011821197,0.6430331431300699,0.5728282816526142,0.9254116068683723
0.8423054956038136,0.14663064321669372,0.13842845007681726,0.015865184885060835,0.9806516118367291,0.09901362911660527,0.7869903004842015,0.8192194429072992,0,0.25767961789106986,0.6200635127597007,0.285234081348827,0.6848352753531037,0.6120819013495709,0.605603376858869,0.7826011559536711,0.7754415657977788,0.12264832714574214,0.3758623010569987,0.050667157510744465,0.22491776874033453,0.5543295811105625,0.17794528626043848,0.3648948617343315,0.9820074911970218,0.23359326571475447,0.22001679544839003,0.7811141366069321,0.016015190283488856,0.6189942245411235,0.39563287235110034,0.8038065480735331,0.02064984037116835,0.2843490277913787,0.8137548980279953,0.05218839713886336,0.7110034104200236,0.24338092427681546,0.9893823718870998,0.5689195952038435,0.4805287145993109,0.7425336122450416,0.6004795839474618,0.690085562989436,0.6820561798139638,0.9800673956579766,0.5338365076458531,0.9103420333142052,0.2555164894070975,0.5363188590240349,0.558083057382708,0.2589995052529953,0.3696194192775919,0.03520530044714343,0.8099691201361728,0.9599634300128778,0.7373814838145688,0.9496781621520707,0.4517047133832255,0.922285474300678,0.5722802325641643,0.8156660555940246,0.2090290242566285,0.6004765691692004,0.2261277957281601,0.9612907267344368,0.9167337553360962,0.42640343522230206,0.6492823254251038,0.38588367022294745,0.6451527216198136,0.3286135746470692,0.5019303681994842,0.592471080935032,0.409714338558143,0.33846131328393525,0.5221999278763243,0.767090632480955,0.1727174563658428,0.7071313935591416,0.7593937880873015,0.8044267446532654,0.4475763671916182,0.2983746661428466,0.7876300825280993,0.19984493546718984,0.418616875939513,0.3995837532475336,0.43853805859606443,0.1286917429749952,0.9861569093786662,0.8138498854484054,0.8446942033906748,0.21750459859464066,0.480256976873477,0.313563095846914,0.922146583818485,0.9085871623006992,0.14318591614054832,0.7996928720731828
0.5463198803215974,0.3290189487619132,0.06964191162724476,0.7079230970427587,0.5905602416884035,0.601638122859111,0.05847983713791649,0.023846389827556824,0.25767961789106986,0,0.9545349885305761,0.06168038505255391,0.25547964840053594,0.347965669888774,0.5934818720540809,0.054533049036647796,0.1090146488888647,0.14747668770330147,0.9451741111920708,0.5524980655257914,0.6296173282911213,0.8995804753029266,0.7820323770402209,0.7284338625937865,0.7938136534041484,0.7260382097505549,0.5469276145993193,0.816664744104876,0.5469167619120687,0.9721181134901379,0.35889542612777414,0.05835287575280701,0.1193627956065324,0.42572981096402585,0.8234018283003816,0.052694867283752944,0.393743112725202,0.9965464090637504,0.9770325044805838,0.14241224023852783,0.5244013750732537,0.1285376658203129,0.17995011299070662,0.33603101904227695,0.8526651649481837,0.8143053195775538,0.01323719744803531,0.9456670852276737,0.023544980291447137,0.4496645689104303,0.9308772577402926,0.02588887479039992,0.39686035367258,0.17199447508770094,0.5121263132541122,0.8038301950907748,0.9998738343162736,0.0103860019803238,0.7080179508996466,0.7616909495685774,0.6844200633228673,0.36744036683853076,0.7899839092601103,0.3357881599395425,0.9259220873951199,0.8202887059101579,0.6001413549535966,0.5775630575318556,0.0780282109909558,0.6488046695755962,0.17763625033491492,0.9464464862052172,0.1565565723699177,0.917660085783798,0.536858745312621,0.07579449514718117,0.39825477700703615,0.24044049158079284,0.8281069918057411,0.9165110065126065,0.858580917516636,0.9996504398180805,0.30419668724933235,0.14580252338241428,0.40966427066154887,0.5825762217986997,0.17060690692170355,0.04146518164422719,0.18124589359875043,0.7585377803701072,0.3002216426515154,0.4541563394642638,0.9336912485216664,0.4747305771876761,0.8860253849415266,0.8539803061372733,0.01722077281094414,0.6953080295737121,0.7629851262719206,0.9051537286003603
0.3726200623573568,0.46660836613871903,0.28015693985917056,0.2617848816277092,0.9858924067069806,0.1535519449871643,0.9809578208625924,0.030318537792674682,0.6200635127597007,0.9545349885305761,0,0.7653580675619881,0.8300164861343106,0.8181814420158648,0.8102995551442476,0.010511945497374442,0.44350627212512883,0.2839550477047157,0.19671068313123208,0.5387298180719221,0.7756060521708027,0.8552813879190952,0.740911801098691,0.006769413522085932,0.97019497312438,0.5120097847797753,0.36725278628487845,0.24193526888111394,0.311777642545786,0.07757494767682438,0.9638323248537534,0.4582607959082322,0.7939393874453319,0.7573786668660444,0.2671461724274612,0.9176916523176875,0.19645042226969867,0.3430895244719384,0.6267053019133082,0.8031622039753066,0.04581975046941744,0.4334405413844462,0.39232738845084325,0.8040124473045835,0.04714101670081594,0.8208336904212168,0.7303637265933782,0.5863818268075687,0.48986763780435705,0.6349688258475552,0.2682893930382093,0.5145703409490571,0.104074015358394,0.24533058692274323,0.3631280982475469,0.14207479486903363,0.2666876321744125,0.29930925567981614,0.08949971114074584,0.5129950582136452,0.35536146393508605,0.9768891965603532,0.8577160425605928,0.8818332305593863,0.16905022736466857,0.33455419812556086,0.47335178030139646,0.698604542815702,0.9527215855201795,0.4004336823431621,0.7865309007597472,0.8622065198507852,0.783770999144263,0.4235954903183894,0.25777769160836494,0.5746818928519017,0.9203243357427353,0.35554753886821344,0.8892239921552592,0.7539595584337092,0.7825132957968797,0.1633898118679742,0.27840096376237,0.6057526070322663,0.9615059521600843,0.09591257070115577,0.957230425779048,0.2994680499806114,0.17746151303101887,0.38516885456554883,0.6777428210400435,0.4147683701686786,0.922563056886623,0.34004809147199555,0.7104929759514592,0.1995942950800662,0.15618718678395338,0.29124016817244625,0.34679420592404164,0.38335459213349155
0.8796839268911181,0.3690980462857859,0.03011187572213847,0.1243316523286796,0.9797734970228299,0.2485742633531023,0.41344768215171857,0.13958339154429056,0.285234081348827,0.06168038505255391,0.7653580675619881,0,0.3452850625875141,0.8215273266431096,0.7846728301272601,0.9205143449173623,0.6635348607454631,0.325063201189451,0.4676331868971695,0.5652740834995035,0.8996248964862921,0.10688765527449862,0.3741112222264745,0.8352262040211604,0.9329476893463549,0.22187798064687592,0.5578434023061972,0.15654004234956198,0.8228213677401583,0.32153677283295456,0.4093981760213792,0.6857613044118585,0.36863899530731925,0.16498563135497935,0.3314122847617359,0.3352755761999926,0.3518435971264442,0.6093780515648884,0.4180583900304584,0.4501264453242082,0.6298340729563809,0.17590182757055162,0.4191449610346071,0.09636312243327594,0.8472977169290618,0.5948777277351744,0.7023179864166458,0.0042328099107623585,0.8322676538954211,0.18265917652831443,0.7214838080864288,0.6260319950370261,0.8331562852069164,0.9776431935626508,0.4315409723601443,0.7126505428637189,0.1529317409048092,0.7391039971494279,0.9260325358429183,0.5756254649073438,0.9957681746286082,0.5710082533582703,0.23257606132742037,0.39555356495812843,0.42345051209208495,0.5577641901831708,0.5071214112792459,0.5776175353693442,0.4180894431178177,0.5044144099368169,0.3257590955736044,0.316055492779712,0.3621653350223787,0.9997733085403593,0.248466995820381,0.0910485610991062,0.11944232246943065,0.9397865995994138,0.18164515746410093,0.6283936262818937,0.9485792622780057,0.9875982523933343,0.26657149621561216,0.8757291249670567,0.10527481044814946,0.7099823134015597,0.6206651037668143,0.8469828203921326,0.5893851713708559,0.9477234430438605,0.6630931924261229,0.6543697651080447,0.8665565500265413,0.8860672399991292,0.7226179986814588,0.38258605890669783,0.37117717781468584,0.6505116500683906,0.05080193691463675,0.0808104220785788
0.20684470265637445,0.3180299953472502,0.2071084737080804,0.7193584782520116,0.032367826385706566,0.5232441629818462,0.8729661893000729,0.5498142116558974,0.6848352753531037,0.25547964840053594,0.8300164861343106,0.3452850625875141,0,0.25737550336949677,0.706322424193618,0.9733657652569899,0.4916554422787188,0.38835564033653647,0.15280247525463309,0.12732900440044725,0.02675179514732895,0.20548757318472965,0.7011204631549852,0.9117786707605583,0.9221152288337064,0.7908878726388624,0.3612923820567061,0.1583082309026863,0.6755232084627651,0.25205542675620307,0.6525851700297063,0.4877086400326893,0.17923588484352015,0.5511279424922743,0.049800283174788795,0.5894336294162528,0.9328546660399678,0.7297964153997111,0.04932294982576224,0.9827661978415693,0.37017219174413807,0.8126257717130412,0.9683644068836468,0.912581082387791,0.7396399258055765,0.44169759862560853,0.8508765885247878,0.9823842103016848,0.4131871157926169,0.39465205494021416,0.702857377334754,0.11813379949059999,0.20918866744026987,0.07336264049019714,0.82999685577398,0.2806559722638532,0.269350320901389,0.23919356104858813,0.5030648946748005,0.5653360160291766,0.27941805522568053,0.6136045044870726,0.9348019565268215,0.09396190411408722,0.28932641205437515,0.1255603302697671,0.40520014250814074,0.6310621823255437,0.5033950024941266,0.014342606122670798,0.008367195862829635,0.645372699547776,0.4335117198838567,0.7400549834105827,0.3309223164079975,0.8320654900148224,0.14514993213450922,0.6435259514880531,0.2329690459694933,0.28886023356815205,0.16259905148634457,0.8280116900306316,0.4293361643084681,0.3201247705902214,0.4313903017807911,0.9461660621130975,0.9647090843856043,0.9577373136395106,0.07044400753551672,0.385260296221829,0.8627408941780493,0.6389625100428293,0.4436662206990798,0.013537220529112992,0.7265173816744989,0.6939477087009577,0.09605352382844157,0.2513501798231763,0.39232347668754497,0.020136438102774212
0.4171423796561584,0.7033841688654487,0.9582527091336931,0.30426640016497064,0.5040775967232857,0.9813982751232837,0.3136449455448642,0.44294797923086826,0.6120819013495709,0.347965669888774,0.8181814420158648,0.8215273266431096,0.25737550336949677,0,0.5931718200310365,0.6541291954335242,0.110324545484769,0.1116659424103007,0.2578958745844321,0.11052004435159857,0.6575934897157921,0.0061518535042874856,0.37780009210031107,0.956629731277284,0.2732080977697061,0.6164168134696021,0.6862855282964146,0.10075963493590112,0.8333916202572434,0.1677687900146253,0.9009290076896165,0.5961774767273519,0.8047020770665385,0.8851223924540471,0.8976838558766453,0.8014812589156749,0.555553399400266,0.8483192536122027,0.8376473149438909,0.5854213916373067,0.20982011320159522,0.8571451363661359,0.42068775915084244,0.2755514221181016,0.5114572195967652,0.5208004211720811,0.6068782182427245,0.9897332142667045,0.8212206123196695,0.8879699333020907,0.5082826225011827,0.7070440865138363,0.07333003547482941,0.5487508048188877,0.560504309535431,0.6738837756129789,0.6337724075195751,0.2883637052146669,0.07044100089749605,0.9277191121785352,0.9720370299043047,0.838843956110681,0.5604885184503265,0.19914648090426323,0.6533567737049398,0.5586693265730154,0.5082184320060698,0.9745107683295781,0.5839644909271989,0.4650292892717951,0.00016782384540159345,0.7929506969522252,0.3644760676480773,0.7286145412323605,0.11645330925063913,0.19380907993046737,0.005558690575675929,0.9495092972456731,0.4035655489437948,0.22181238661432967,0.5851222553347009,0.5521778128353816,0.6845288904558725,0.9735212677555788,0.2161151535169571,0.1715892364608289,0.6300296350806571,0.8747151662982741,0.9543467945119277,0.286906341653442,0.7970678613172704,0.6678457972498226,0.3616580027430767,0.6034737298477272,0.5134757833285246,0.47914034638619196,0.13914088499182042,0.6620126443169819,0.31964055474174957,0.8633053581749136
0.8647529480062811,0.28219919184429054,0.22960140655044703,0.9935273309633225,0.6332018079557408,0.9904611133896335,0.4007984039464163,0.9325550557703246,0.605603376858869,0.5934818720540809,0.8102995551442476,0.7846728301272601,0.706322424193618,0.5931718200310365,0,0.5955292423515582,0.15721928761292037,0.7159855770295983,0.9370199677335461,0.33655660542929766,0.8073364518001934,0.5687690221917769,0.3150444572590211,0.4154028438248617,0.8229612170408617,0.6605798304307046,0.1463849879150828,0.698654321087583,0.2060657577675663,0.292524441435723,0.18461452963645497,0.33690351963646314,0.48671401251311064,0.5642227253130742,0.6454534151693765,0.002510409944624259,0.44496302796490805,0.5089793156012885,0.6200165365988972,0.42781834333832613,0.2264200899955745,0.8830172338336716,0.26969879171586264,0.14347998565198317,0.5419674912837527,0.2499396457323818,0.49642956809528715,0.7405115754074473,0.7159126374314563,0.7998075121735083,0.5234363069888287,0.21478310112880916,0.3801346439189265,0.259104512879307,0.0828735722830104,0.8941025163027931,0.44460490859733726,0.9230642044900312,0.4038074705191267,0.5992605622746121,0.29436689700162644,0.9576715401502447,0.40726572248419146,0.8053731365874526,0.8328695502462722,0.8663236747638046,0.9568308527066143,0.11633424145693239,0.12903684152603256,0.9066791115954328,0.8004690037391647,0.0336264453477918,0.7547237827570078,0.7099491704600456,0.7091660022197231,0.9312504434640285,0.7885225582971955,0.20291772402432373,0.09187077466955418,0.6020659847167187,0.24774941904706926,0.027022606153201956,0.043151806406614424,0.13040069837259582,0.7534885708913865,0.7042312807294417,0.30051097940486715,0.4641181513404753,0.9154022123372377,0.45493679454449465,0.5593799709353352,0.5268227249319346,0.7199344941111532,0.21492016320798946,0.09283310760554186,0.40037376332479446,0.5044409527219814,0.9069690746597896,0.24438180954405553,0.4071044308312406
0.9883773967473931,0.009658479617123517,0.2404072498559604,0.33138362462229853,0.39372903908189993,0.11972551680111654,0.4032986376849662,0.6582685780992208,0.7826011559536711,0.054533049036647796,0.010511945497374442,0.9205143449173623,0.9733657652569899,0.6541291954335242,0.5955292423515582,0,0.3155472166562384,0.90914975178961,0.1280793494909772,0.6462643592420363,0.3263331119787739,0.1108532880169043,0.6553069373955297,0.15170751198280774,0.6902018664030871,0.16615046182763293,0.23180430155314957,0.7503160836775945,0.5369179560385382,0.2218557712115644,0.398564889191253,0.8722130945163848,0.6433766205407784,0.06671208241685322,0.5136856414925808,0.5156934660786798,0.745522238164446,0.1773856547846151,0.46616518084414416,0.636503736371489,0.7178521476283348,0.3023192440921817,0.11829105068306855,0.8705723921356928,0.7279915315811901,0.9192341133147806,0.025357642156703775,0.21965261879706144,0.554397263863068,0.012718921519804582,0.7638448934125781,0.8735656224178986,0.7813866901488815,0.9851211678722455,0.958036478452896,0.43148838787302135,0.6169384940118153,0.9367238582551336,0.4860484324453077,0.8350577237567042,0.7110510246933064,0.13309203775922562,0.7312334585655664,0.26941992697891837,0.4504964053045093,0.8044971286371302,0.021689688662111517,0.6733396676623082,0.44359791936005377,0.6091692761388976,0.4407675824903752,0.05724121043869013,0.48556994835331335,0.6828670034261928,0.600793612659577,0.7058701297213942,0.4906649848225728,0.5798031076323691,0.8969017893121622,0.822116188022214,0.3073554279745231,0.5401356003926232,0.7147644449486279,0.872066820981822,0.1717244585629013,0.6644080757659513,0.22528660219753738,0.7543430778226942,0.24939603986945924,0.28495737283757827,0.5658375363015109,0.7573698949154742,0.838722186876985,0.09029212822946919,0.9812547143298908,0.21695864629953354,0.5848207425622036,0.5875470950165362,0.3822081737955034,0.12058647055800209
0.07115429548049068,0.8618771125333569,0.8850057797649894,0.48308878118318865,0.8690705229828691,0.14200722575742386,0.08474602831278877,0.6320601969572744,0.7754415657977788,0.1090146488888647,0.44350627212512883,0.6635348607454631,0.4916554422787188,0.110324545484769,0.15721928761292037,0.3155472166562384,0,0.6891419461907774,0.5268935467259374,0.4390997213370029,0.6004001359567774,0.5757336499331123,0.3637631542929338,0.8305716476052027,0.5261300332825051,0.2640944848711245,0.3891690186331035,0.2893271766147205,0.8401625599365391,0.5761602241866848,0.38075578694929735,0.4200774137206047,0.9651293329817788,0.13659376815465074,0.16436223345017575,0.17826327870169278,0.699943665675168,0.7346393808371839,0.9849028246897229,0.9887915230411051,0.27190946778809755,0.7152068206605957,0.25792338564257977,0.7547222593632914,0.406744713600253,0.9095768059912971,0.8345814224276343,0.47446261820999047,0.3257557969551499,0.6485652556379795,0.25362803602282835,0.004040434899047485,0.6860894619380585,0.09282516759798443,0.6095487695375897,0.604901617171119,0.6390334297651169,0.715265079712317,0.732990463173679,0.3908737797908499,0.5954978312332685,0.8544207851970355,0.2624877430205814,0.007320461364765274,0.5071809492597278,0.662503478611223,0.2913311514638943,0.6983203246310454,0.9022413523079561,0.8933232908583256,0.4527322250679481,0.15408529595866527,0.5631955181562819,0.5698028372318636,0.13429261520562297,0.09126153134198833,0.510489124200224,0.26701329122363493,0.3528784263488346,0.20200228506276452,0.13709589745154183,0.7296802286535717,0.7611286392354146,0.511248229526021,0.9625195192189937,0.6316665538684081,0.6024989608602227,0.6441699242539237,0.46104392887647727,0.9861893130317203,0.7604884818826242,0.3273834851361883,0.8696019932488298,0.6226176897119721,0.7879457225205424,0.9310028778807966,0.7455552955534008,0.27130050195395516,0.09882102673661497,0.6772634417448428
0.2263905540669615,0.6471898036831639,0.9946316535523033,0.0929019372281642,0.20545433944937141,0.5637759552958789,0.8370122390015219,0.9108892682029336,0.12264832714574214,0.14747668770330147,0.2839550477047157,0.325063201189451,0.38835564033653647,0.1116659424103007,0.7159855770295983,0.90914975178961,0.6891419461907774,0,0.8623868158924517,0.9376330236973496,0.0007238208199018548,0.9586572474549756,0.0913576109519133,0.5990003069366416,0.1439972385304219,0.3601542134723883,0.4874685768448881,0.722599549759353,0.19570383383690282,0.16183677729772827,0.1449170080909854,0.8603668406949341,0.7388951304100235,0.9074750740741045,0.06665679013340609,0.49507087923242465,0.20885680953455488,0.16484935561598213,0.6631305412131637,0.6833748817696484,0.7395140414778578,0.44789954906827534,0.3611134604295305,0.21290888034256894,0.6323769498207739,0.15949220668598463,0.401988021863392,0.5866825749583168,0.4475293601728616,0.5855314998093332,0.7565509511426768,0.01711402923619365,0.5339542812359213,0.5171771201394496,0.8851461462377578,0.09371652675734632,0.9151439742517298,0.9551558665115707,0.11633746055606808,0.9049248063780814,0.5337448633394274,0.17191685918880872,0.23983036893592558,0.5984332509033351,0.35787350570586607,0.21715524053412294,0.6680924912202854,0.7134958165102149,0.30402374882819705,0.9334458987776024,0.9672664849402347,0.9825995830532573,0.7225965384083257,0.22969073424623454,0.8012692597321571,0.18889133131396618,0.12960936686467928,0.6644204273386797,0.804557838911012,0.9852980586176364,0.3247896875182835,0.8940660002557289,0.9947842587218438,0.8775404948786383,0.9449906645120123,0.03084513354377494,0.034786241435334375,0.7594940322135071,0.2004872193172279,0.35107390300684993,0.41751031163792485,0.5667130038953383,0.6875621128026835,0.039561658892864116,0.6909305469143722,0.7248781617425434,0.7177651529062931,0.24651399503841087,0.6473095427439031,0.06181478065374102
0.32279359311957023,0.7913332922894531,0.9608278912036995,0.9344476795937561,0.3450235034128911,0.09261462930473752,0.07813013417209691,0.49713735802298853,0.3758623010569987,0.9451741111920708,0.19671068313123208,0.4676331868971695,0.15280247525463309,0.2578958745844321,0.9370199677335461,0.1280793494909772,0.5268935467259374,0.8623868158924517,0,0.5494372162726964,0.4095365058350531,0.6354855253309522,0.3800311806853388,0.008380971850281194,0.9742394164793337,0.14308668674829628,0.5289562279398453,0.8802708498255096,0.5938690302721932,0.9006611842162977,0.9059825653243405,0.5312116724097444,0.9146854283585868,0.24580251305834833,0.2331437862907022,0.9188089899534725,0.4895418766458638,0.8052568106081849,0.09539250373984398,0.19936538503471635,0.7330458288465777,0.9295774564016982,0.4895729204663468,0.8498288767736616,0.20341884582582848,0.19187511895409115,0.9495767749941456,0.5598971595418449,0.8934994787341685,0.02108900837960681,0.5128740699820158,0.1530217618239086,0.17685879672924,0.19059406820033087,0.7918377525750775,0.3201943842576571,0.7159320562413003,0.36100638379562555,0.2347188958828953,0.7437812627572173,0.8538268480873483,0.05119135621369064,0.5733539087275212,0.789938851375031,0.4031342551451764,0.12911687964005836,0.3084672686156976,0.29925849036984464,0.02681293693957809,0.14754931943666838,0.608898019002256,0.31726354000272294,0.33364321902789273,0.645424025068889,0.4429065109226996,0.6218831213537153,0.30810090281315317,0.1595956032978575,0.7278623656382021,0.21717044698927923,0.875291485152852,0.9903097973298973,0.08549044791356386,0.11491803607281781,0.5600669867542406,0.3230276191352244,0.14568235808013807,0.8902603179356626,0.39348459009458536,0.7878973389976173,0.8008471818920688,0.21270000490398833,0.43279996869618176,0.7102916294292942,0.5493438751785766,0.04867125662451455,0.1569630783727004,0.8249798828749445,0.5588859472429616,0.3554510354256184
0.4969244529593958,0.4062747051784552,0.30603213412021457,0.8365268034162981,0.675168351832662,0.09452962574050461,0.6730355421167604,0.5724359416422702,0.050667157510744465,0.5524980655257914,0.5387298180719221,0.5652740834995035,0.12732900440044725,0.11052004435159857,0.33655660542929766,0.6462643592420363,0.4390997213370029,0.9376330236973496,0.5494372162726964,0,0.4145796089274494,0.014011229707713402,0.5609576501079213,0.25107926344009224,0.015566212611717534,0.74281474382302,0.7896838002733761,0.4819676468187928,0.8833243793975507,0.13241912064583616,0.3959599048968919,0.45351442039052503,0.23309202341620017,0.6493544043874412,0.08465711375571616,0.11334312830474258,0.5494321893286811,0.827269831039802,0.09445545699153024,0.2993959138301804,0.07646826697640197,0.02334003676262464,0.41481872716906854,0.5972978867408513,0.9945149161950826,0.7557243523018407,0.9259234544795254,0.29808573690992923,0.26629479609589646,0.30727590698479734,0.13761978868030378,0.9341062397104,0.27373925862840587,0.5210985791885544,0.9094685780153978,0.24018666635767472,0.41203394343853106,0.7565032228327112,0.3130033714558358,0.7160812070263528,0.5605982897218128,0.3612142438374152,0.9180585882101238,0.34389486908651856,0.4596902694236972,0.20322232267212503,0.512660629555619,0.7011959211561466,0.14407180106284911,0.4480003284885018,0.7145838205820927,0.8562874248500804,0.6350425253708262,0.8875380478048812,0.4457522727159343,0.1375945821789436,0.8585415012771039,0.9954156784995563,0.6599925436772237,0.0063978380547184965,0.8940716842609906,0.4945990090409166,0.04382263561638888,0.29659897133137103,0.06449320227901434,0.8591031104387205,0.723521982406446,0.8752490733634929,0.9504792992587026,0.013246360877305241,0.21957916492233642,0.800616175749023,0.7382808309986529,0.9350253113585644,0.727044803188253,0.4585164770873398,0.6771408105707283,0.898302230249552,0.07002572069661395,0.1516180994693801
