0,0.20142,0.21842,0,0,0.22171,0.22394,0.22514,0,0,0.22618,0.22667,0,0,0,0,0,0,0,0,0,0,0,0,0,0.23194,0.23209,0.23288,0,0,0.23375,0.23382,0,0,0,0.23427,0,0,0,0,0,0,0,0,0,0,0,0,0,0,0.23721,0.23767,0,0,0,0.23825,0,0,0,0,0,0,0,0,0,0,0,0,0,0,0,0,0,0,0,0,0,0,0,0,0,0,0,0,0,0,0,0,0,0,0,0,0,0,0,0,0,0,0,0,0,0,0,0,0,0,0,0,0,0,0,0,0,0,0,0,0,0,0,0,0,0,0,0,0
0.20142,0,0.24715,0.24724,0,0.24741,0.24771,0.2479,0,0,0,0.24845,0.24852,0,0,0,0,0,0,0,0,0,0,0,0,0.24988,0.24989,0.24993,0.25006,0,0.25012,0.25023,0.25034,0,0,0,0.25053,0,0,0,0,0,0,0,0,0,0,0,0,0,0.25215,0.25227,0.25276,0,0,0,0.25334,0,0,0,0,0,0,0,0,0,0,0,0,0,0,0,0,0,0,0,0,0,0,0,0,0,0,0,0,0,0,0,0,0,0,0,0,0,0,0,0,0,0,0,0,0,0,0,0,0,0,0,0,0,0,0,0,0,0,0,0,0,0,0,0,0,0,0,0
0.21842,0.24715,0,0.26492,0.26507,0.26515,0.26555,0.26579,0.26593,0.26618,0,0.26644,0.26645,0.26657,0,0,0,0,0,0,0,0,0,0,0,0.27,0.27007,0.27026,0.27036,0.27046,0,0.27058,0.27062,0.27073,0,0,0,0.27188,0,0,0,0,0,0,0,0,0,0,0,0,0,0.28572,0.2878,0.28796,0,0,0,0.31442,0,0,0,0,0,0,0,0,0,0,0,0,0,0,0,0,0,0,0,0,0,0,0,0,0,0,0,0,0,0,0,0,0,0,0,0,0,0,0,0,0,0,0,0,0,0,0,0,0,0,0,0,0,0,0,0,0,0,0,0,0,0,0,0,0,0,0
0,0.24724,0.26492,0,0.33955,0,0.33971,0.33987,0.33995,0.34003,0,0,0.34048,0.34051,0.34069,0,0,0,0,0,0,0,0,0,0,0,0.34207,0.3421,0.34213,0.34232,0,0,0.34239,0.34242,0.3425,0,0,0,0.34299,0,0,0,0,0,0,0,0,0,0,0,0,0,0.34471,0.34473,0.3448,0,0,0,0.34497,0,0,0,0,0,0,0,0,0,0,0,0,0,0,0,0,0,0,0,0,0,0,0,0,0,0,0,0,0,0,0,0,0,0,0,0,0,0,0,0,0,0,0,0,0,0,0,0,0,0,0,0,0,0,0,0,0,0,0,0,0,0,0,0,0,0
0,0,0.26507,0.33955,0,0,0,0.3515,0.35153,0.35156,0,0,0,0,0.35185,0,0,0,0,0,0,0,0,0,0,0,0,0.35286,0.35286,0.35301,0,0,0,0.35325,0.35326,0,0,0,0,0,0,0,0,0,0,0,0,0,0,0,0,0,0,0.35466,0.35475,0,0,0,0,0.35507,0,0,0,0,0,0,0,0,0,0,0,0,0,0,0,0,0,0,0,0,0,0,0,0,0,0,0,0,0,0,0,0,0,0,0,0,0,0,0,0,0,0,0,0,0,0,0,0,0,0,0,0,0,0,0,0,0,0,0,0,0,0,0,0,0
0.22171,0.24741,0.26515,0,0,0,0.36057,0.3606,0,0,0.36083,0.36083,0.36093,0,0,0.36111,0.36112,0,0,0,0,0,0,0,0,0.36163,0.36167,0,0,0,0.36193,0.36219,0,0,0,0.36251,0.36258,0,0,0,0.36303,0,0,0,0,0,0,0,0,0,0.36353,0,0,0,0,0.36414,0.3642,0,0,0,0.36447,0,0,0,0,0,0,0,0,0,0,0,0,0,0,0,0,0,0,0,0,0,0,0,0,0,0,0,0,0,0,0,0,0,0,0,0,0,0,0,0,0,0,0,0,0,0,0,0,0,0,0,0,0,0,0,0,0,0,0,0,0,0,0,0
0.22394,0.24771,0.26555,0.33971,0,0.36057,0,0.37122,0.37141,0,0.37165,0.37203,0.37237,0.37244,0,0,0.37269,0.37311,0,0,0,0,0,0,0,0.37547,0.37554,0.37566,0,0,0.37808,0.37819,0.37838,0.3785,0,0.37968,0.37987,0.38025,0,0,0,0,0,0,0,0,0,0,0,0,0,0.38847,0,0,0,0.39248,0.39566,0.39652,0,0,0,0,0,0,0,0,0,0,0,0,0,0,0,0,0,0,0,0,0,0,0,0,0,0,0,0,0,0,0,0,0,0,0,0,0,0,0,0,0,0,0,0,0,0,0,0,0,0,0,0,0,0,0,0,0,0,0,0,0,0,0,0,0,0,0
0.22514,0.2479,0.26579,0.33987,0.3515,0.3606,0.37122,0,0.42427,0.42448,0,0.42511,0.42516,0.42566,0.42582,0,0.42605,0.42615,0.42616,0,0,0,0,0,0,0,0.42716,0.4272,0.42761,0,0.42769,0.42862,0.42867,0.42872,0.4288,0,0.42889,0.42935,0.42937,0,0,0,0.43002,0,0,0,0,0,0,0,0,0,0.43148,0,0,0,0,0.43193,0,0,0,0,0.43273,0,0,0,0,0,0,0,0,0,0,0,0,0,0,0,0,0,0,0,0,0,0,0,0,0,0,0,0,0,0,0,0,0,0,0,0,0,0,0,0,0,0,0,0,0,0,0,0,0,0,0,0,0,0,0,0,0,0,0,0,0,0
0,0,0.26593,0.33995,0.35153,0,0.37141,0.42427,0,0.44195,0,0,0.4423,0.44265,0.44275,0,0,0.44446,0.44452,0.44458,0,0,0,0,0,0,0,0.44573,0.44613,0.44688,0,0.44782,0.44812,0.44828,0.44838,0,0,0.44864,0.44868,0.44895,0,0,0,0.44995,0,0,0,0,0,0,0,0,0,0,0,0,0,0,0.45319,0.4536,0,0,0,0,0,0,0,0,0,0,0,0,0,0,0,0,0,0,0,0,0,0,0,0,0,0,0,0,0,0,0,0,0,0,0,0,0,0,0,0,0,0,0,0,0,0,0,0,0,0,0,0,0,0,0,0,0,0,0,0,0,0,0,0,0
0,0,0.26618,0.34003,0.35156,0,0,0.42448,0.44195,0,0,0,0.48799,0.48808,0.48885,0,0,0,0.48969,0.48988,0,0,0,0,0,0,0,0,0.49117,0.49117,0,0,0.49155,0.49156,0.49178,0,0,0,0.49299,0.49307,0,0,0,0,0.49366,0,0,0,0,0,0,0,0,0,0.49551,0,0,0,0.49613,0.49623,0,0,0,0,0.49708,0,0,0,0,0,0,0,0,0,0,0,0,0,0,0,0,0,0,0,0,0,0,0,0,0,0,0,0,0,0,0,0,0,0,0,0,0,0,0,0,0,0,0,0,0,0,0,0,0,0,0,0,0,0,0,0,0,0,0,0
0.22618,0,0,0,0,0.36083,0.37165,0,0,0,0,0.50619,0.50676,0,0,0.50693,0.50708,0,0,0,0.50737,0.50743,0,0,0,0.5083,0,0,0,0,0.50878,0.50956,0,0,0,0.51064,0.51091,0,0,0,0.51187,0.51204,0,0,0,0.51342,0,0,0,0,0,0,0,0,0,0.51671,0,0,0,0,0.51828,0,0,0,0,0.51984,0,0,0,0,0,0,0,0,0,0,0,0,0,0,0,0,0,0,0,0,0,0,0,0,0,0,0,0,0,0,0,0,0,0,0,0,0,0,0,0,0,0,0,0,0,0,0,0,0,0,0,0,0,0,0,0,0,0,0
0.22667,0.24845,0.26644,0,0,0.36083,0.37203,0.42511,0,0,0.50619,0,0.53751,0.53762,0,0.53773,0.53773,0.53788,0.53794,0,0.5383,0.53858,0.53865,0,0,0,0.53909,0,0,0,0.53948,0.53953,0.53974,0,0,0.5399,0.53994,0.54022,0.54038,0,0.54055,0.54057,0.54071,0,0,0,0.54106,0,0,0,0,0,0,0,0,0,0.54163,0,0,0,0.54198,0.54217,0.54219,0,0,0,0.5426,0,0,0,0,0,0,0,0,0,0,0,0,0,0,0,0,0,0,0,0,0,0,0,0,0,0,0,0,0,0,0,0,0,0,0,0,0,0,0,0,0,0,0,0,0,0,0,0,0,0,0,0,0,0,0,0,0,0
0,0.24852,0.26645,0.34048,0,0.36093,0.37237,0.42516,0.4423,0.48799,0.50676,0.53751,0,0.54706,0.54708,0.54709,0.54718,0.54728,0.54735,0,0,0,0.54745,0.54752,0,0,0,0.5479,0,0,0,0.54807,0.54814,0.54822,0,0.54829,0.54837,0.54841,0.5486,0,0,0.54874,0.54884,0.54885,0,0,0,0.54899,0,0,0,0,0,0,0,0,0,0.54964,0,0,0,0.54981,0.54983,0,0,0,0,0.55002,0,0,0,0,0,0,0,0,0,0,0,0,0,0,0,0,0,0,0,0,0,0,0,0,0,0,0,0,0,0,0,0,0,0,0,0,0,0,0,0,0,0,0,0,0,0,0,0,0,0,0,0,0,0,0,0,0
0,0,0.26657,0.34051,0,0,0.37244,0.42566,0.44265,0.48808,0,0.53762,0.54706,0,0.55371,0,0.55383,0.55384,0.55384,0.55385,0,0,0.55414,0.55414,0.55416,0,0,0,0.55425,0,0,0,0.55457,0.55466,0.55469,0,0.55476,0.55502,0.55508,0.5551,0,0,0.55532,0.55533,0.55535,0,0,0,0.55554,0,0,0,0,0,0,0,0,0,0.55611,0,0,0,0.55631,0.55633,0.55634,0,0,0,0.55665,0,0,0,0,0,0,0,0,0,0,0,0,0,0,0,0,0,0,0,0,0,0,0,0,0,0,0,0,0,0,0,0,0,0,0,0,0,0,0,0,0,0,0,0,0,0,0,0,0,0,0,0,0,0,0,0
0,0,0,0.34069,0.35185,0,0,0.42582,0.44275,0.48885,0,0,0.54708,0.55371,0,0,0,0.55986,0.55992,0.55992,0,0,0,0.56013,0.56018,0,0,0,0,0.5603,0,0,0,0.56071,0.56079,0,0,0,0.56102,0.56113,0,0,0,0.56128,0.56132,0,0,0,0,0.56145,0,0,0,0,0,0,0,0,0,0.56194,0,0,0,0,0.56236,0,0,0,0,0.56252,0,0,0,0,0,0,0,0,0,0,0,0,0,0,0,0,0,0,0,0,0,0,0,0,0,0,0,0,0,0,0,0,0,0,0,0,0,0,0,0,0,0,0,0,0,0,0,0,0,0,0,0,0,0,0
0,0,0,0,0,0.36111,0,0,0,0,0.50693,0.53773,0.54709,0,0,0,0.56517,0.56524,0,0,0.56558,0.56562,0.56562,0,0,0,0,0,0,0,0.56616,0,0,0,0,0.56654,0.56659,0,0,0,0.56689,0.56689,0,0,0,0.56728,0.56731,0,0,0,0,0,0,0,0,0,0,0,0,0,0.56818,0,0,0,0,0.56828,0.5683,0,0,0,0.56845,0,0,0,0,0,0,0,0,0,0,0,0,0,0,0,0,0,0,0,0,0,0,0,0,0,0,0,0,0,0,0,0,0,0,0,0,0,0,0,0,0,0,0,0,0,0,0,0,0,0,0,0,0,0
0,0,0,0,0,0.36112,0.37269,0.42605,0,0,0.50708,0.53773,0.54718,0.55383,0,0.56517,0,0.57196,0.57198,0,0.57202,0.57205,0.5722,0.57223,0,0,0,0,0,0,0,0.57306,0,0,0,0.57347,0.57352,0.57357,0,0,0.57367,0.57374,0.57384,0.57386,0,0.57417,0.57418,0.57419,0,0,0,0,0,0,0,0,0,0,0,0,0,0.57523,0,0,0,0.5759,0.57597,0.57608,0,0,0,0.57697,0,0,0,0,0,0,0,0,0,0,0,0,0,0,0,0,0,0,0,0,0,0,0,0,0,0,0,0,0,0,0,0,0,0,0,0,0,0,0,0,0,0,0,0,0,0,0,0,0,0,0,0,0
0,0,0,0,0,0,0.37311,0.42615,0.44446,0,0,0.53788,0.54728,0.55384,0.55986,0.56524,0.57196,0,0.58366,0.58366,0.58367,0.58376,0.5839,0.58394,0.58412,0,0,0,0,0,0,0,0.58511,0,0,0,0.58544,0.58609,0.5861,0,0.58642,0.58647,0.58677,0.58688,0.58697,0,0.58729,0.58742,0.58745,0,0,0,0,0,0,0,0,0,0,0,0,0,0.59014,0,0,0,0.59068,0.59088,0.59102,0,0,0,0.59135,0,0,0,0,0,0,0,0,0,0,0,0,0,0,0,0,0,0,0,0,0,0,0,0,0,0,0,0,0,0,0,0,0,0,0,0,0,0,0,0,0,0,0,0,0,0,0,0,0,0,0,0
0,0,0,0,0,0,0,0.42616,0.44452,0.48969,0,0.53794,0.54735,0.55384,0.55992,0,0.57198,0.58366,0,0.59818,0,0.59841,0.59842,0.59845,0.59855,0,0,0,0,0,0,0,0,0.59922,0,0,0,0.59938,0.59952,0.59963,0,0.59982,0.59999,0.60003,0.60006,0,0,0.60024,0.60026,0.6003,0,0,0,0,0,0,0,0,0,0,0,0,0,0.60146,0,0,0,0.60187,0.60189,0.60198,0,0,0,0.60236,0,0,0,0,0,0,0,0,0,0,0,0,0,0,0,0,0,0,0,0,0,0,0,0,0,0,0,0,0,0,0,0,0,0,0,0,0,0,0,0,0,0,0,0,0,0,0,0,0,0,0
0,0,0,0,0,0,0,0,0.44458,0.48988,0,0,0,0.55385,0.55992,0,0,0.58366,0.59818,0,0,0,0.60664,0.60668,0.60669,0,0,0,0,0,0,0,0,0,0.60744,0,0,0,0.60777,0.60779,0,0,0.60783,0.6081,0.60819,0,0,0,0.60826,0.60836,0,0,0,0,0,0,0,0,0,0,0,0,0,0,0.60909,0,0,0,0.60936,0.60937,0,0,0,0,0.60993,0,0,0,0,0,0,0,0,0,0,0,0,0,0,0,0,0,0,0,0,0,0,0,0,0,0,0,0,0,0,0,0,0,0,0,0,0,0,0,0,0,0,0,0,0,0,0,0,0,0
0,0,0,0,0,0,0,0,0,0,0.50737,0.5383,0,0,0,0.56558,0.57202,0.58367,0,0,0,0.61346,0.61351,0,0,0,0,0,0,0,0,0,0,0,0,0.61457,0,0,0,0,0.61474,0.61474,0,0,0,0.61523,0.61524,0.61532,0,0,0,0,0,0,0,0,0,0,0,0,0,0,0,0,0,0.61654,0,0,0,0,0.61669,0.61672,0,0,0,0,0,0,0,0,0,0,0,0,0,0,0,0,0,0,0,0,0,0,0,0,0,0,0,0,0,0,0,0,0,0,0,0,0,0,0,0,0,0,0,0,0,0,0,0,0,0,0,0,0
0,0,0,0,0,0,0,0,0,0,0.50743,0.53858,0,0,0,0.56562,0.57205,0.58376,0.59841,0,0.61346,0,0.62027,0.62033,0,0,0,0,0,0,0,0,0,0,0,0,0.62117,0,0,0,0.62132,0.62134,0.62135,0,0,0.62171,0.62187,0.62192,0.62198,0,0,0,0,0,0,0,0,0,0,0,0,0,0,0,0,0,0.62408,0,0,0,0.62495,0.6251,0.62511,0,0,0,0,0,0,0,0,0,0,0,0,0,0,0,0,0,0,0,0,0,0,0,0,0,0,0,0,0,0,0,0,0,0,0,0,0,0,0,0,0,0,0,0,0,0,0,0,0,0,0,0
0,0,0,0,0,0,0,0,0,0,0,0.53865,0.54745,0.55414,0,0.56562,0.5722,0.5839,0.59842,0.60664,0.61351,0.62027,0,0.63034,0.63044,0,0,0,0,0,0,0,0,0,0,0,0,0.63266,0,0,0,0.63309,0.63315,0.63338,0,0.63397,0.63425,0.63486,0.63549,0.6357,0,0,0,0,0,0,0,0,0,0,0,0,0,0,0,0,0,0.63912,0,0,0,0.6396,0.63974,0.63998,0,0,0,0,0,0,0,0,0,0,0,0,0,0,0,0,0,0,0,0,0,0,0,0,0,0,0,0,0,0,0,0,0,0,0,0,0,0,0,0,0,0,0,0,0,0,0,0,0,0,0
0,0,0,0,0,0,0,0,0,0,0,0,0.54752,0.55414,0.56013,0,0.57223,0.58394,0.59845,0.60668,0,0.62033,0.63034,0,0.69083,0,0,0,0,0,0,0,0,0,0,0,0,0,0,0,0,0,0.69423,0.69423,0.69469,0,0.69489,0.69505,0.6952,0.69549,0,0,0,0,0,0,0,0,0,0,0,0,0,0,0,0,0,0,0.69955,0,0,0,0,0.70016,0,0,0,0,0,0,0,0,0,0,0,0,0,0,0,0,0,0,0,0,0,0,0,0,0,0,0,0,0,0,0,0,0,0,0,0,0,0,0,0,0,0,0,0,0,0,0,0,0,0,0
0,0,0,0,0,0,0,0,0,0,0,0,0,0.55416,0.56018,0,0,0.58412,0.59855,0.60669,0,0,0.63044,0.69083,0,0,0,0,0,0,0,0,0,0,0,0,0,0,0,0.70888,0,0,0,0.70932,0.70948,0,0,0.70979,0.70984,0.70989,0,0,0,0,0,0,0,0,0,0,0,0,0,0,0,0,0,0,0,0.71213,0,0,0,0.71251,0.71257,0,0,0,0,0,0,0,0,0,0,0,0,0,0,0,0,0,0,0,0,0,0,0,0,0,0,0,0,0,0,0,0,0,0,0,0,0,0,0,0,0,0,0,0,0,0,0,0,0,0
0.23194,0.24988,0.27,0,0,0.36163,0.37547,0,0,0,0.5083,0,0,0,0,0,0,0,0,0,0,0,0,0,0,0,0.71913,0.71956,0,0,0.72019,0.72045,0.72049,0,0,0.72147,0.72154,0,0,0,0,0,0,0,0,0,0,0,0,0,0.7241,0.72411,0.72414,0,0,0.72473,0.72487,0,0,0,0.72537,0,0,0,0,0,0,0,0,0,0,0,0,0,0,0.72728,0.72733,0,0,0,0.72777,0,0,0,0,0,0,0,0,0,0,0,0,0,0,0,0,0,0,0,0,0,0,0,0,0,0,0,0,0,0,0,0,0,0,0,0,0,0,0,0,0,0,0,0
0.23209,0.24989,0.27007,0.34207,0,0.36167,0.37554,0.42716,0,0,0,0.53909,0,0,0,0,0,0,0,0,0,0,0,0,0,0.71913,0,0.73208,0.73209,0,0.7325,0.7325,0.73274,0.73281,0,0.73293,0.73318,0.73328,0,0,0,0,0,0,0,0,0,0,0,0,0.73439,0.73445,0.73458,0.73473,0,0.73485,0.73493,0.73496,0,0,0,0.73545,0,0,0,0,0,0,0,0,0,0,0,0,0,0.73663,0.73664,0.73672,0,0,0,0.73724,0,0,0,0,0,0,0,0,0,0,0,0,0,0,0,0,0,0,0,0,0,0,0,0,0,0,0,0,0,0,0,0,0,0,0,0,0,0,0,0,0,0,0
0.23288,0.24993,0.27026,0.3421,0.35286,0,0.37566,0.4272,0.44573,0,0,0,0.5479,0,0,0,0,0,0,0,0,0,0,0,0,0.71956,0.73208,0,0.74072,0.74082,0.74083,0.74114,0.74134,0.74135,0.74145,0,0.7415,0.74153,0.74164,0,0,0,0,0,0,0,0,0,0,0,0.74251,0.74259,0.74261,0.74263,0.7427,0,0.74288,0.74294,0.743,0,0,0,0.74314,0,0,0,0,0,0,0,0,0,0,0,0,0,0.74374,0.74383,0.74402,0,0,0,0.74414,0,0,0,0,0,0,0,0,0,0,0,0,0,0,0,0,0,0,0,0,0,0,0,0,0,0,0,0,0,0,0,0,0,0,0,0,0,0,0,0,0,0
0,0.25006,0.27036,0.34213,0.35286,0,0,0.42761,0.44613,0.49117,0,0,0,0.55425,0,0,0,0,0,0,0,0,0,0,0,0,0.73209,0.74072,0,0.74661,0,0.74678,0.74681,0.74689,0.74693,0,0,0.74719,0.7472,0.74747,0,0,0,0,0,0,0,0,0,0,0,0,0.74801,0.74803,0.74813,0,0,0.74836,0.74839,0.74849,0,0,0,0,0,0,0,0,0,0,0,0,0,0,0,0,0,0,0.74975,0,0,0,0,0,0,0,0,0,0,0,0,0,0,0,0,0,0,0,0,0,0,0,0,0,0,0,0,0,0,0,0,0,0,0,0,0,0,0,0,0,0,0,0,0,0
0,0,0.27046,0.34232,0.35301,0,0,0,0.44688,0.49117,0,0,0,0,0.5603,0,0,0,0,0,0,0,0,0,0,0,0,0.74082,0.74661,0,0,0,0.75333,0.75334,0.7534,0,0,0,0.75366,0.75379,0,0,0,0,0,0,0,0,0,0,0,0,0,0.75506,0.75517,0,0,0,0.75529,0.75533,0,0,0,0,0.75561,0,0,0,0,0,0,0,0,0,0,0,0,0,0,0.75664,0,0,0,0,0.75688,0,0,0,0,0,0,0,0,0,0,0,0,0,0,0,0,0,0,0,0,0,0,0,0,0,0,0,0,0,0,0,0,0,0,0,0,0,0,0,0
0.23375,0.25012,0,0,0,0.36193,0.37808,0.42769,0,0,0.50878,0.53948,0,0,0,0.56616,0,0,0,0,0,0,0,0,0,0.72019,0.7325,0.74083,0,0,0,0.75956,0.75972,0,0,0.7599,0.7599,0.76009,0,0,0.76011,0.76034,0,0,0,0,0,0,0,0,0.76101,0.7613,0,0,0,0.76148,0.76149,0.76149,0,0,0.76162,0.76163,0,0,0,0.76225,0,0,0,0,0,0,0,0,0,0,0,0,0,0,0.76296,0,0,0,0,0.7633,0,0,0,0,0,0,0,0,0,0,0,0,0,0,0,0,0,0,0,0,0,0,0,0,0,0,0,0,0,0,0,0,0,0,0,0,0,0,0
0.23382,0.25023,0.27058,0,0,0.36219,0.37819,0.42862,0.44782,0,0.50956,0.53953,0.54807,0,0,0,0.57306,0,0,0,0,0,0,0,0,0.72045,0.7325,0.74114,0.74678,0,0.75956,0,0.76732,0.76741,0,0.76754,0.76765,0.76772,0.76792,0,0.76801,0.76804,0.76817,0,0,0,0,0,0,0,0.76865,0.7687,0.76872,0,0,0.76886,0.76887,0.76895,0.76898,0,0.76924,0.76928,0.76946,0,0,0,0.76989,0,0,0,0,0,0,0,0,0,0,0,0,0,0.77106,0.77113,0.77117,0,0,0,0,0,0,0,0,0,0,0,0,0,0,0,0,0,0,0,0,0,0,0,0,0,0,0,0,0,0,0,0,0,0,0,0,0,0,0,0,0,0
0,0.25034,0.27062,0.34239,0,0,0.37838,0.42867,0.44812,0.49155,0,0.53974,0.54814,0.55457,0,0,0,0.58511,0,0,0,0,0,0,0,0.72049,0.73274,0.74134,0.74681,0.75333,0.75972,0.76732,0,0.77526,0.77532,0.77533,0.77571,0.77577,0.77601,0.77602,0,0.77612,0.77613,0.77614,0,0,0,0,0,0,0,0.77666,0.77677,0.77679,0,0.77683,0.77686,0.77688,0.77711,0.77719,0,0.7775,0.77752,0.77758,0,0,0,0.77781,0,0,0,0,0,0,0,0,0,0.77817,0,0,0,0.77851,0.77852,0.77859,0,0,0,0.77886,0,0,0,0,0,0,0,0,0,0,0,0,0,0,0,0,0,0,0,0,0,0,0,0,0,0,0,0,0,0,0,0,0,0,0,0,0
0,0,0.27073,0.34242,0.35325,0,0.3785,0.42872,0.44828,0.49156,0,0,0.54822,0.55466,0.56071,0,0,0,0.59922,0,0,0,0,0,0,0,0.73281,0.74135,0.74689,0.75334,0,0.76741,0.77526,0,0.78251,0,0.78262,0.78266,0.78277,0.78278,0,0,0.78287,0.78291,0.78296,0,0,0,0,0,0,0,0.78387,0.7839,0.78407,0,0.78453,0.78454,0.78459,0.78465,0,0,0.78488,0.78489,0.78495,0,0,0,0.7851,0,0,0,0,0,0,0,0,0,0.78587,0,0,0,0.78608,0.78618,0.78631,0,0,0.78656,0.78657,0,0,0,0,0,0,0,0,0,0,0,0,0,0,0,0,0,0,0,0,0,0,0,0,0,0,0,0,0,0,0,0,0,0,0,0
0,0,0,0.3425,0.35326,0,0,0.4288,0.44838,0.49178,0,0,0,0.55469,0.56079,0,0,0,0,0.60744,0,0,0,0,0,0,0,0.74145,0.74693,0.7534,0,0,0.77532,0.78251,0,0,0,0.79014,0.79017,0.79025,0,0,0,0.79034,0.79036,0,0,0,0,0,0,0,0,0.79085,0.79088,0,0,0.79124,0.79127,0.7913,0,0,0,0.79146,0.79155,0,0,0,0,0.79178,0,0,0,0,0,0,0,0,0,0.79229,0,0,0,0.79254,0.79255,0,0,0,0,0.79277,0,0,0,0,0,0,0,0,0,0,0,0,0,0,0,0,0,0,0,0,0,0,0,0,0,0,0,0,0,0,0,0,0,0,0
0.23427,0,0,0,0,0.36251,0.37968,0,0,0,0.51064,0.5399,0.54829,0,0,0.56654,0.57347,0,0,0,0.61457,0,0,0,0,0.72147,0.73293,0,0,0,0.7599,0.76754,0.77533,0,0,0,0.79588,0.79589,0,0,0.79623,0.79625,0.79652,0,0,0.79658,0,0,0,0,0.79726,0,0,0,0,0.79772,0.79774,0,0,0,0.79808,0.79816,0.79829,0,0,0.79835,0.79844,0,0,0,0.7987,0,0,0,0,0,0,0,0,0,0.79936,0,0,0,0,0.79965,0,0,0,0,0.80003,0,0,0,0,0,0,0,0,0,0,0,0,0,0,0,0,0,0,0,0,0,0,0,0,0,0,0,0,0,0,0,0,0,0
0,0.25053,0,0,0,0.36258,0.37987,0.42889,0,0,0.51091,0.53994,0.54837,0.55476,0,0.56659,0.57352,0.58544,0,0,0,0.62117,0,0,0,0.72154,0.73318,0.7415,0,0,0.7599,0.76765,0.77571,0.78262,0,0.79588,0,0.80285,0.80298,0,0.80313,0.80313,0.80367,0.80379,0,0,0.80422,0.80432,0,0,0,0.80442,0,0,0,0.80463,0.80479,0.80507,0,0,0.80527,0.80527,0.8054,0.80541,0,0.80553,0.80557,0.80564,0,0,0,0.80606,0,0,0,0,0,0,0,0,0,0.80698,0,0,0,0.8075,0.80755,0.80768,0,0,0,0.80817,0,0,0,0,0,0,0,0,0,0,0,0,0,0,0,0,0,0,0,0,0,0,0,0,0,0,0,0,0,0,0,0,0
0,0,0.27188,0,0,0,0.38025,0.42935,0.44864,0,0,0.54022,0.54841,0.55502,0,0,0.57357,0.58609,0.59938,0,0,0,0.63266,0,0,0,0.73328,0.74153,0.74719,0,0.76009,0.76772,0.77577,0.78266,0.79014,0.79589,0.80285,0,0.81174,0.81178,0.8118,0.81192,0.81195,0.81234,0.8124,0,0.81267,0.81276,0.81277,0,0,0,0.81302,0,0,0,0.81362,0.8137,0.81378,0,0.81388,0.81399,0.814,0.81431,0.81441,0,0.81473,0.8152,0.81524,0,0,0,0.81555,0,0,0,0,0,0,0,0,0,0.81673,0,0,0,0.81731,0.81732,0.81741,0,0,0,0.81756,0,0,0,0,0,0,0,0,0,0,0,0,0,0,0,0,0,0,0,0,0,0,0,0,0,0,0,0,0,0,0,0
0,0,0,0.34299,0,0,0,0.42937,0.44868,0.49299,0,0.54038,0.5486,0.55508,0.56102,0,0,0.5861,0.59952,0.60777,0,0,0,0,0,0,0,0.74164,0.7472,0.75366,0,0.76792,0.77601,0.78277,0.79017,0,0.80298,0.81174,0,0.82104,0,0.82116,0.82118,0.8215,0.82153,0,0,0.822,0.82205,0,0,0,0,0.82242,0,0,0,0.82294,0.82294,0.82297,0,0.82318,0.82326,0.8233,0.82333,0,0,0.82352,0.82379,0.82389,0,0,0,0.82421,0,0,0,0,0,0,0,0,0,0.82547,0,0,0,0.82597,0.82599,0.826,0,0,0,0.82658,0,0,0,0,0,0,0,0,0,0,0,0,0,0,0,0,0,0,0,0,0,0,0,0,0,0,0,0,0,0,0
0,0,0,0,0,0,0,0,0.44895,0.49307,0,0,0,0.5551,0.56113,0,0,0,0.59963,0.60779,0,0,0,0,0.70888,0,0,0,0.74747,0.75379,0,0,0.77602,0.78278,0.79025,0,0,0.81178,0.82104,0,0,0,0.82993,0.82996,0.83005,0,0,0,0,0.83041,0,0,0,0,0.83074,0,0,0,0.83089,0.83096,0,0,0.83115,0.83121,0.83122,0,0,0,0.83169,0.83171,0,0,0,0,0.83252,0,0,0,0,0,0,0,0,0,0.83313,0,0,0,0.83353,0.83355,0,0,0,0,0.83386,0,0,0,0,0,0,0,0,0,0,0,0,0,0,0,0,0,0,0,0,0,0,0,0,0,0,0,0,0,0
0,0,0,0,0,0.36303,0,0,0,0,0.51187,0.54055,0,0,0,0.56689,0.57367,0.58642,0,0,0.61474,0.62132,0,0,0,0,0,0,0,0,0.76011,0.76801,0,0,0,0.79623,0.80313,0.8118,0,0,0,0.8368,0.83747,0,0,0.8382,0.83825,0,0,0,0,0,0,0,0,0.83907,0,0,0,0,0.83954,0.83958,0,0,0,0.84046,0.84053,0.84082,0,0,0.84092,0.84096,0,0,0,0,0,0,0,0,0,0,0,0,0,0.84243,0,0,0,0,0.84308,0.8431,0,0,0,0.84349,0,0,0,0,0,0,0,0,0,0,0,0,0,0,0,0,0,0,0,0,0,0,0,0,0,0,0,0,0
0,0,0,0,0,0,0,0,0,0,0.51204,0.54057,0.54874,0,0,0.56689,0.57374,0.58647,0.59982,0,0.61474,0.62134,0.63309,0,0,0,0,0,0,0,0.76034,0.76804,0.77612,0,0,0.79625,0.80313,0.81192,0.82116,0,0.8368,0,0.84935,0.8502,0,0.85059,0.85075,0.85087,0.85095,0,0,0,0,0,0,0,0.85227,0,0,0,0.85317,0.85334,0.85345,0,0,0.85411,0.85421,0.85427,0.85445,0,0.855,0.85506,0.85582,0,0,0,0,0,0,0,0,0,0,0,0,0,0.85923,0,0,0,0.85963,0.85963,0.85967,0,0,0,0.86018,0.86027,0,0,0,0,0,0,0,0,0,0,0,0,0,0,0,0,0,0,0,0,0,0,0,0,0,0,0
0,0,0,0,0,0,0,0.43002,0,0,0,0.54071,0.54884,0.55532,0,0,0.57384,0.58677,0.59999,0.60783,0,0.62135,0.63315,0.69423,0,0,0,0,0,0,0,0.76817,0.77613,0.78287,0,0.79652,0.80367,0.81195,0.82118,0.82993,0.83747,0.84935,0,0.86954,0.87081,0,0.87109,0.87114,0.87117,0.87126,0,0,0,0,0,0,0,0.87272,0,0,0,0.87323,0.87368,0.87393,0,0.87441,0.87452,0.87476,0.87479,0.87517,0,0.87524,0.87544,0.87548,0,0,0,0,0,0,0,0,0,0,0,0,0,0.87761,0,0,0,0.87873,0.87878,0.87932,0,0,0,0.87963,0,0,0,0,0,0,0,0,0,0,0,0,0,0,0,0,0,0,0,0,0,0,0,0,0,0,0
0,0,0,0,0,0,0,0,0.44995,0,0,0,0.54885,0.55533,0.56128,0,0.57386,0.58688,0.60003,0.6081,0,0,0.63338,0.69423,0.70932,0,0,0,0,0,0,0,0.77614,0.78291,0.79034,0,0.80379,0.81234,0.8215,0.82996,0,0.8502,0.86954,0,0.8848,0,0.8849,0.88526,0.88583,0.88588,0,0,0,0,0,0,0,0,0.88697,0,0,0,0.88734,0.88756,0.88758,0,0.88771,0.88773,0.88791,0.88812,0,0.88818,0.88824,0.8883,0.88867,0,0,0,0,0,0,0,0,0,0,0,0,0,0.89004,0,0,0,0.89015,0.89027,0.89033,0,0,0,0.891,0,0,0,0,0,0,0,0,0,0,0,0,0,0,0,0,0,0,0,0,0,0,0,0,0,0
0,0,0,0,0,0,0,0,0,0.49366,0,0,0,0.55535,0.56132,0,0,0.58697,0.60006,0.60819,0,0,0,0.69469,0.70948,0,0,0,0,0,0,0,0,0.78296,0.79036,0,0,0.8124,0.82153,0.83005,0,0,0.87081,0.8848,0,0,0,0.8935,0.89351,0.89361,0,0,0,0,0,0,0,0,0,0.89474,0,0,0,0.89499,0.89538,0,0,0.89564,0.89585,0.89597,0,0,0,0.89634,0.89647,0,0,0,0,0,0,0,0,0,0,0,0,0,0,0.89783,0,0,0,0.89811,0.89836,0,0,0,0,0.89869,0,0,0,0,0,0,0,0,0,0,0,0,0,0,0,0,0,0,0,0,0,0,0,0,0
0,0,0,0,0,0,0,0,0,0,0.51342,0,0,0,0,0.56728,0.57417,0,0,0,0.61523,0.62171,0.63397,0,0,0,0,0,0,0,0,0,0,0,0,0.79658,0,0,0,0,0.8382,0.85059,0,0,0,0,0.90105,0.90125,0,0,0,0,0,0,0,0,0,0,0,0,0.90179,0,0,0,0,0.90229,0.90235,0,0,0,0.90286,0.90289,0.90295,0,0,0,0,0,0,0,0,0,0,0,0,0,0,0,0,0,0.90427,0,0,0,0,0.90471,0.90485,0,0,0,0,0,0,0,0,0,0,0,0,0,0,0,0,0,0,0,0,0,0,0,0,0,0,0,0
0,0,0,0,0,0,0,0,0,0,0,0.54106,0,0,0,0.56731,0.57418,0.58729,0,0,0.61524,0.62187,0.63425,0.69489,0,0,0,0,0,0,0,0,0,0,0,0,0.80422,0.81267,0,0,0.83825,0.85075,0.87109,0.8849,0,0.90105,0,0.90769,0.9077,0,0,0,0,0,0,0,0,0,0,0,0,0.90883,0,0,0,0.9094,0.90955,0.90975,0,0,0.90989,0.91006,0.91008,0.91019,0,0,0,0,0,0,0,0,0,0,0,0,0,0,0,0,0,0.91168,0,0,0,0.91198,0.912,0.91205,0,0,0,0,0,0,0,0,0,0,0,0,0,0,0,0,0,0,0,0,0,0,0,0,0,0,0
0,0,0,0,0,0,0,0,0,0,0,0,0.54899,0,0,0,0.57419,0.58742,0.60024,0,0.61532,0.62192,0.63486,0.69505,0.70979,0,0,0,0,0,0,0,0,0,0,0,0.80432,0.81276,0.822,0,0,0.85087,0.87114,0.88526,0.8935,0.90125,0.90769,0,0.91436,0.91446,0,0,0,0,0,0,0,0,0,0,0,0,0.91519,0,0,0,0.91534,0.91551,0.91557,0,0.91566,0.91569,0.91574,0.91577,0.91592,0,0,0,0,0,0,0,0,0,0,0,0,0,0,0,0,0,0.91681,0,0,0,0.91738,0.91746,0.91747,0,0,0,0,0,0,0,0,0,0,0,0,0,0,0,0,0,0,0,0,0,0,0,0,0,0
0,0,0,0,0,0,0,0,0,0,0,0,0,0.55554,0,0,0,0.58745,0.60026,0.60826,0,0.62198,0.63549,0.6952,0.70984,0,0,0,0,0,0,0,0,0,0,0,0,0.81277,0.82205,0,0,0.85095,0.87117,0.88583,0.89351,0,0.9077,0.91436,0,0.91938,0,0,0,0,0,0,0,0,0,0,0,0,0,0,0,0,0,0.92118,0.92119,0.9212,0,0.92134,0.92139,0.92148,0.92151,0,0,0,0,0,0,0,0,0,0,0,0,0,0,0,0,0,0,0.92313,0,0,0,0.92338,0.92342,0.92343,0,0,0,0,0,0,0,0,0,0,0,0,0,0,0,0,0,0,0,0,0,0,0,0,0
0,0,0,0,0,0,0,0,0,0,0,0,0,0,0.56145,0,0,0,0.6003,0.60836,0,0,0.6357,0.69549,0.70989,0,0,0,0,0,0,0,0,0,0,0,0,0,0,0.83041,0,0,0.87126,0.88588,0.89361,0,0,0.91446,0.91938,0,0,0,0,0,0,0,0,0,0,0,0,0,0,0,0,0,0,0,0.92522,0.92532,0,0,0.92555,0.9256,0.92565,0,0,0,0,0,0,0,0,0,0,0,0,0,0,0,0,0,0,0,0.92686,0,0,0,0,0.92706,0,0,0,0,0,0,0,0,0,0,0,0,0,0,0,0,0,0,0,0,0,0,0,0,0
0.23721,0.25215,0,0,0,0.36353,0,0,0,0,0,0,0,0,0,0,0,0,0,0,0,0,0,0,0,0.7241,0.73439,0.74251,0,0,0.76101,0.76865,0,0,0,0.79726,0,0,0,0,0,0,0,0,0,0,0,0,0,0,0,0.92865,0.92865,0,0,0.92905,0.92908,0.92911,0,0,0.92927,0.92928,0,0,0,0,0,0,0,0,0,0,0,0,0,0.93028,0.93033,0.93036,0,0,0.93071,0.93075,0.93083,0,0,0.93124,0,0,0,0,0,0,0,0,0,0,0,0,0,0,0.93238,0.93244,0,0,0,0.93279,0,0,0,0,0,0,0,0,0,0,0,0,0,0,0,0,0,0,0
0.23767,0.25227,0.28572,0,0,0,0.38847,0,0,0,0,0,0,0,0,0,0,0,0,0,0,0,0,0,0,0.72411,0.73445,0.74259,0,0,0.7613,0.7687,0.77666,0,0,0,0.80442,0,0,0,0,0,0,0,0,0,0,0,0,0,0.92865,0,0.9341,0.93417,0,0.93435,0.93438,0.93442,0,0,0.93478,0.93489,0.93494,0,0,0,0,0,0,0,0,0,0,0,0,0.93601,0.93607,0.93621,0.93624,0,0.93632,0.93653,0.93658,0,0,0,0,0,0,0,0,0,0,0,0,0,0,0,0,0,0.93793,0.93794,0.93807,0,0,0,0.93868,0,0,0,0,0,0,0,0,0,0,0,0,0,0,0,0,0,0
0,0.25276,0.2878,0.34471,0,0,0,0.43148,0,0,0,0,0,0,0,0,0,0,0,0,0,0,0,0,0,0.72414,0.73458,0.74261,0.74801,0,0,0.76872,0.77677,0.78387,0,0,0,0.81302,0,0,0,0,0,0,0,0,0,0,0,0,0.92865,0.9341,0,0.94096,0.94097,0.94112,0.94114,0.94125,0.94135,0.94137,0,0.94148,0.94149,0.94171,0,0,0,0,0,0,0,0,0,0,0,0.94233,0.9424,0.94241,0.94244,0.94253,0,0.94278,0.94284,0.94284,0,0,0,0.9429,0,0,0,0,0,0,0,0,0,0,0,0,0,0.94401,0.94401,0.94406,0,0,0,0.94427,0,0,0,0,0,0,0,0,0,0,0,0,0,0,0,0,0
0,0,0.28796,0.34473,0.35466,0,0,0,0,0,0,0,0,0,0,0,0,0,0,0,0,0,0,0,0,0,0.73473,0.74263,0.74803,0.75506,0,0,0.77679,0.7839,0.79085,0,0,0,0.82242,0,0,0,0,0,0,0,0,0,0,0,0,0.93417,0.94096,0,0.94582,0,0.94587,0.94592,0.9461,0.94636,0,0,0.94665,0.94667,0.94682,0,0,0,0,0,0,0,0,0,0,0,0.94821,0.94823,0.94833,0.94855,0,0,0.94939,0.9495,0.94959,0,0,0,0.95005,0,0,0,0,0,0,0,0,0,0,0,0,0,0.95177,0.95221,0.95296,0,0,0,0.95343,0,0,0,0,0,0,0,0,0,0,0,0,0,0,0,0
0,0,0,0.3448,0.35475,0,0,0,0,0.49551,0,0,0,0,0,0,0,0,0,0,0,0,0,0,0,0,0,0.7427,0.74813,0.75517,0,0,0,0.78407,0.79088,0,0,0,0,0.83074,0,0,0,0,0,0,0,0,0,0,0,0,0.94097,0.94582,0,0,0,0.95582,0.956,0.95604,0,0,0,0.95611,0.95629,0,0,0,0,0,0,0,0,0,0,0,0,0.95908,0.95914,0.95937,0,0,0,0.96068,0.96113,0,0,0,0,0.96226,0,0,0,0,0,0,0,0,0,0,0,0,0,0.9674,0.96859,0,0,0,0,0.97609,0,0,0,0,0,0,0,0,0,0,0,0,0,0,0
0.23825,0,0,0,0,0.36414,0.39248,0,0,0,0.51671,0,0,0,0,0,0,0,0,0,0,0,0,0,0,0.72473,0.73485,0,0,0,0.76148,0.76886,0.77683,0,0,0.79772,0.80463,0,0,0,0.83907,0,0,0,0,0,0,0,0,0,0.92905,0.93435,0.94112,0,0,0,0.98983,0.99005,0,0,0.99197,0.99233,0.99296,0,0,0.99415,0.99421,0,0,0,0,0,0,0,0,0.99723,0.99725,0,0,0,0.9988,0.99933,0.99936,0,0,1.001,1.0011,0,0,0,1.0025,0,0,0,0,0,0,0,0,0,1.0048,0,0,0,0,1.0063,1.0067,0,0,0,0,0,0,0,0,0,0,0,0,0,0,0,0,0,0
0,0.25334,0,0,0,0.3642,0.39566,0,0,0,0,0.54163,0,0,0,0,0,0,0,0,0,0,0,0,0,0.72487,0.73493,0.74288,0,0,0.76149,0.76887,0.77686,0.78453,0,0.79774,0.80479,0.81362,0,0,0,0.85227,0,0,0,0,0,0,0,0,0.92908,0.93438,0.94114,0.94587,0,0.98983,0,1.0092,1.0093,0,1.0095,1.0096,1.0097,1.0099,0,1.0105,1.0105,1.0107,0,0,0,0,0,0,0,1.0117,1.0119,1.0119,0,0,1.0128,1.0129,1.0131,1.0132,0,1.0134,1.0135,1.0135,0,0,0,1.014,0,0,0,0,0,0,0,0,0,1.0159,0,0,0,1.0161,1.0162,1.0162,0,0,0,1.0168,0,0,0,0,0,0,0,0,0,0,0,0,0
0,0,0.31442,0,0,0,0.39652,0.43193,0,0,0,0,0.54964,0,0,0,0,0,0,0,0,0,0,0,0,0,0.73496,0.74294,0.74836,0,0.76149,0.76895,0.77688,0.78454,0.79124,0,0.80507,0.8137,0.82294,0,0,0,0.87272,0,0,0,0,0,0,0,0.92911,0.93442,0.94125,0.94592,0.95582,0.99005,1.0092,0,1.018,1.0181,0,1.0182,1.0183,1.0183,1.0184,0,1.0187,1.0188,1.0188,0,0,0,0,0,0,0,1.0196,1.0197,1.0198,0,1.0198,1.02,1.0201,1.0201,1.0202,0,1.0205,1.0205,1.0205,0,0,0,1.0207,0,0,0,0,0,0,0,0,0,1.0214,0,0,0,1.0216,1.0218,1.0221,0,0,0,1.0223,0,0,0,0,0,0,0,0,0,0,0,0
0,0,0,0.34497,0,0,0,0,0.45319,0.49613,0,0,0,0.55611,0,0,0,0,0,0,0,0,0,0,0,0,0,0.743,0.74839,0.75529,0,0.76898,0.77711,0.78459,0.79127,0,0,0.81378,0.82294,0.83089,0,0,0,0.88697,0,0,0,0,0,0,0,0,0.94135,0.9461,0.956,0,1.0093,1.018,0,1.0235,0,1.0236,1.0236,1.0237,1.0239,0,0,1.0242,1.0245,1.0246,0,0,0,0,0,0,0,1.0254,1.0255,1.0255,0,1.0256,1.0257,1.0257,1.0257,0,0,1.0259,1.026,1.026,0,0,0,1.0264,0,0,0,0,0,0,0,0,0,1.0273,0,0,0,1.0275,1.0276,1.0277,0,0,0,1.0279,0,0,0,0,0,0,0,0,0,0,0
0,0,0,0,0.35507,0,0,0,0.4536,0.49623,0,0,0,0,0.56194,0,0,0,0,0,0,0,0,0,0,0,0,0,0.74849,0.75533,0,0,0.77719,0.78465,0.7913,0,0,0,0.82297,0.83096,0,0,0,0,0.89474,0,0,0,0,0,0,0,0.94137,0.94636,0.95604,0,0,1.0181,1.0235,0,0,0,1.0285,1.0285,1.0286,0,0,0,1.0288,1.0288,0,0,0,0,0,0,0,0,1.0297,1.0298,0,0,1.0303,1.0303,1.0304,0,0,0,1.0308,1.0309,0,0,0,0,1.0312,0,0,0,0,0,0,0,0,0,1.032,0,0,0,1.0324,1.0324,0,0,0,0,1.0327,0,0,0,0,0,0,0,0,0,0
0,0,0,0,0,0.36447,0,0,0,0,0.51828,0.54198,0,0,0,0.56818,0,0,0,0,0,0,0,0,0,0.72537,0,0,0,0,0.76162,0.76924,0,0,0,0.79808,0.80527,0.81388,0,0,0.83954,0.85317,0,0,0,0.90179,0,0,0,0,0.92927,0.93478,0,0,0,0.99197,1.0095,0,0,0,0,1.0333,1.0333,0,0,1.0336,1.0336,1.0337,0,0,1.0339,1.0339,0,0,0,0,0,0,0,0,1.0346,1.0346,0,0,0,1.0348,1.0348,1.0348,0,0,1.0352,1.0355,0,0,0,1.0359,0,0,0,0,0,0,0,0,0,1.0366,0,0,0,0,1.0368,1.0368,0,0,0,0,0,0,0,0,0,0,0,0,0
0,0,0,0,0,0,0,0,0,0,0,0.54217,0.54981,0,0,0,0.57523,0,0,0,0,0,0,0,0,0,0.73545,0,0,0,0.76163,0.76928,0.7775,0,0,0.79816,0.80527,0.81399,0.82318,0,0.83958,0.85334,0.87323,0,0,0,0.90883,0,0,0,0.92928,0.93489,0.94148,0,0,0.99233,1.0096,1.0182,1.0236,0,1.0333,0,1.0382,1.0383,0,1.0385,1.0386,1.0386,1.0387,0,1.0389,1.0391,1.0392,0,0,0,1.0395,0,0,0,1.0398,1.04,1.04,0,0,1.0403,1.0404,1.0405,1.0405,0,1.0407,1.0409,1.0409,0,0,0,1.0412,0,0,0,0,0,0,0,0,0,1.0421,0,0,0,1.0425,1.0425,1.0426,0,0,0,1.0429,0,0,0,0,0,0,0,0
0,0,0,0,0,0,0,0.43273,0,0,0,0.54219,0.54983,0.55631,0,0,0,0.59014,0,0,0,0,0,0,0,0,0,0.74314,0,0,0,0.76946,0.77752,0.78488,0,0.79829,0.8054,0.814,0.82326,0.83115,0,0.85345,0.87368,0.88734,0,0,0,0.91519,0,0,0,0.93494,0.94149,0.94665,0,0.99296,1.0097,1.0183,1.0236,1.0285,1.0333,1.0382,0,1.0438,1.0438,1.044,1.0441,1.0443,1.0444,1.0444,0,1.0445,1.0445,1.0446,0,0,0,1.045,0,0,0,1.0452,1.0452,1.0454,0,1.0455,1.0456,1.0457,1.0457,1.0457,0,1.0457,1.0458,1.0459,0,0,0,1.046,0,0,0,0,0,0,0,0,0,1.0469,0,0,0,1.0471,1.0473,1.0473,0,0,0,1.0476,0,0,0,0,0,0,0
0,0,0,0,0,0,0,0,0,0,0,0,0,0.55633,0,0,0,0,0.60146,0,0,0,0,0,0,0,0,0,0,0,0,0,0.77758,0.78489,0.79146,0,0.80541,0.81431,0.8233,0.83121,0,0,0.87393,0.88756,0.89499,0,0,0,0,0,0,0,0.94171,0.94667,0.95611,0,1.0099,1.0183,1.0237,1.0285,0,1.0383,1.0438,0,1.0481,0,1.0481,1.0482,1.0484,1.0484,0,0,1.0485,1.0485,1.0488,0,0,0,1.0492,0,0,0,1.0494,1.0495,1.0495,0,1.0499,1.0501,1.0502,1.0502,0,0,1.0503,1.0504,1.0504,0,0,0,1.0506,0,0,0,0,0,0,0,0,0,1.0513,0,0,0,1.0514,1.0515,1.0516,0,0,0,1.0518,1.0518,0,0,0,0,0
0,0,0,0,0,0,0,0,0,0.49708,0,0,0,0.55634,0.56236,0,0,0,0,0.60909,0,0,0,0,0,0,0,0,0,0.75561,0,0,0,0.78495,0.79155,0,0,0.81441,0.82333,0.83122,0,0,0,0.88758,0.89538,0,0,0,0,0,0,0,0,0.94682,0.95629,0,0,1.0184,1.0239,1.0286,0,0,1.0438,1.0481,0,0,0,1.0522,1.0522,1.0522,0,0,0,1.0525,1.0527,0,0,0,0,1.0533,0,0,0,1.0535,1.0536,0,0,1.0539,1.0539,1.0539,0,0,0,1.0545,1.0548,0,0,0,0,1.0556,0,0,0,0,0,0,0,0,0,1.0566,0,0,0,1.0572,1.0573,0,0,0,0,1.0577,0,0,0,0,0
0,0,0,0,0,0,0,0,0,0,0.51984,0,0,0,0,0.56828,0.5759,0,0,0,0.61654,0,0,0,0,0,0,0,0,0,0.76225,0,0,0,0,0.79835,0.80553,0,0,0,0.84046,0.85411,0.87441,0,0,0.90229,0.9094,0,0,0,0,0,0,0,0,0.99415,1.0105,0,0,0,1.0336,1.0385,1.044,0,0,0,1.058,1.0582,0,0,1.0586,1.0588,0,0,0,0,0,0,0,0,1.0593,0,0,0,0,1.0597,1.0597,0,0,0,1.0602,1.0602,1.0602,0,0,1.0603,1.0603,0,0,0,0,0,0,0,0,0,0,0,0,0,1.0617,0,0,0,0,1.0622,1.0623,0,0,0,1.063,0,0,0,0
0,0,0,0,0,0,0,0,0,0,0,0.5426,0,0,0,0.5683,0.57597,0.59068,0,0,0,0.62408,0,0,0,0,0,0,0,0,0,0.76989,0,0,0,0.79844,0.80557,0.81473,0,0,0.84053,0.85421,0.87452,0.88771,0,0.90235,0.90955,0.91534,0,0,0,0,0,0,0,0.99421,1.0105,1.0187,0,0,1.0336,1.0386,1.0441,1.0481,0,1.058,0,1.0636,1.0636,0,1.0638,1.0639,1.0641,1.0641,0,0,0,0,0,0,0,1.0651,0,0,0,1.0657,1.0658,1.0659,0,0,1.0661,1.0665,1.0665,1.0667,0,1.0668,1.0669,1.0669,0,0,0,0,0,0,0,0,0,0,0,0,0,1.0678,0,0,0,1.0681,1.0682,1.0683,0,0,0,1.0686,0,0,0
0,0,0,0,0,0,0,0,0,0,0,0,0.55002,0,0,0,0.57608,0.59088,0.60187,0,0,0,0.63912,0,0,0,0,0,0,0,0,0,0.77781,0,0,0,0.80564,0.8152,0.82352,0,0.84082,0.85427,0.87476,0.88773,0.89564,0,0.90975,0.91551,0.92118,0,0,0,0,0,0,0,1.0107,1.0188,1.0242,0,1.0337,1.0386,1.0443,1.0482,1.0522,1.0582,1.0636,0,1.069,1.0691,1.0691,1.0691,1.0692,1.0693,1.0696,0,0,0,0,0,0,0,1.0706,0,0,0,1.071,1.071,1.0714,0,1.0716,1.0717,1.0718,1.0719,1.0721,0,1.0722,1.0724,1.0725,0,0,0,0,0,0,0,0,0,0,0,0,0,1.0746,0,0,0,1.075,1.0751,1.0751,0,0,0,1.0759,0,0
0,0,0,0,0,0,0,0,0,0,0,0,0,0.55665,0,0,0,0.59102,0.60189,0.60936,0,0,0,0.69955,0,0,0,0,0,0,0,0,0,0.7851,0,0,0,0.81524,0.82379,0.83169,0,0.85445,0.87479,0.88791,0.89585,0,0,0.91557,0.92119,0.92522,0,0,0,0,0,0,0,1.0188,1.0245,1.0288,0,1.0387,1.0444,1.0484,1.0522,0,1.0636,1.069,0,1.0762,0,1.0763,1.0764,1.0764,1.0765,0,0,0,0,0,0,0,0,1.0783,0,0,0,1.0784,1.0785,1.0785,0,1.0786,1.0787,1.0787,1.0789,0,0,1.0791,1.0791,1.0793,0,0,0,0,0,0,0,0,0,0,0,0,0,0,0,0,0,0,1.0817,1.0817,0,0,0,1.0818,0
0,0,0,0,0,0,0,0,0,0,0,0,0,0,0.56252,0,0,0,0.60198,0.60937,0,0,0,0,0.71213,0,0,0,0,0,0,0,0,0,0.79178,0,0,0,0.82389,0.83171,0,0,0.87517,0.88812,0.89597,0,0,0,0.9212,0.92532,0,0,0,0,0,0,0,0,1.0246,1.0288,0,0,1.0444,1.0484,1.0522,0,0,1.0691,1.0762,0,0,0,1.0824,1.0824,1.0825,0,0,0,0,0,0,0,0,0,1.0833,0,0,0,1.0839,1.0841,0,0,1.0844,1.0845,1.0846,0,0,0,1.0854,1.0854,0,0,0,0,0,0,0,0,0,0,0,0,0,0,1.088,0,0,0,1.0884,1.0888,0,0,0,0,1.0893
0,0,0,0,0,0,0,0,0,0,0,0,0,0,0,0.56845,0,0,0,0,0.61669,0.62495,0,0,0,0,0,0,0,0,0,0,0,0,0,0.7987,0,0,0,0,0.84092,0.855,0,0,0,0.90286,0.90989,0.91566,0,0,0,0,0,0,0,0,0,0,0,0,1.0339,1.0389,0,0,0,1.0586,1.0638,1.0691,0,0,0,1.0895,1.0895,0,0,0,0,0,0,0,0,0,0,0,0,1.0918,0,0,0,0,1.0926,1.0927,0,0,0,1.0937,1.0937,1.094,0,0,0,0,0,0,0,0,0,0,0,0,0,0,0,0,0,1.0956,0,0,0,0,1.0968,1.0969,0,0,0
0,0,0,0,0,0,0,0,0,0,0,0,0,0,0,0,0.57697,0,0,0,0.61672,0.6251,0.6396,0,0,0,0,0,0,0,0,0,0,0,0,0,0.80606,0,0,0,0.84096,0.85506,0.87524,0.88818,0,0.90289,0.91006,0.91569,0.92134,0,0,0,0,0,0,0,0,0,0,0,1.0339,1.0391,1.0445,0,0,1.0588,1.0639,1.0691,1.0763,0,1.0895,0,1.0974,1.0975,0,0,0,0,0,0,0,0,0,0,0,0,1.0996,0,0,0,1.1001,1.1001,1.1005,1.1007,0,1.101,1.1011,1.1016,1.1019,0,0,0,0,0,0,0,0,0,0,0,0,0,0,0,0,0,1.1045,0,0,0,1.1053,1.1055,1.1055,0,0
0,0,0,0,0,0,0,0,0,0,0,0,0,0,0,0,0,0.59135,0,0,0,0.62511,0.63974,0,0,0,0,0,0,0,0,0,0,0,0,0,0,0.81555,0,0,0,0.85582,0.87544,0.88824,0,0.90295,0.91008,0.91574,0.92139,0.92555,0,0,0,0,0,0,0,0,0,0,0,1.0392,1.0445,1.0485,0,0,1.0641,1.0692,1.0764,1.0824,1.0895,1.0974,0,1.1058,1.1059,0,0,0,0,0,0,0,0,0,0,0,0,1.1078,0,0,0,1.1087,1.1089,1.109,0,1.1095,1.1095,1.1096,1.1098,1.1102,0,0,0,0,0,0,0,0,0,0,0,0,0,0,0,0,0,1.1128,0,0,0,1.1133,1.1139,1.1142,0
0,0,0,0,0,0,0,0,0,0,0,0,0,0,0,0,0,0,0.60236,0,0,0,0.63998,0.70016,0.71251,0,0,0,0,0,0,0,0,0,0,0,0,0,0.82421,0,0,0,0.87548,0.8883,0.89634,0,0.91019,0.91577,0.92148,0.9256,0,0,0,0,0,0,0,0,0,0,0,0,1.0446,1.0485,1.0525,0,1.0641,1.0693,1.0764,1.0824,0,1.0975,1.1058,0,1.1144,0,0,0,0,0,0,0,0,0,0,0,0,0,1.1173,0,0,0,1.1185,1.1186,1.1188,0,1.119,1.1191,1.1194,1.1195,0,0,0,0,0,0,0,0,0,0,0,0,0,0,0,0,0,0,1.1218,0,0,0,1.1223,1.1225,1.1225
0,0,0,0,0,0,0,0,0,0,0,0,0,0,0,0,0,0,0,0.60993,0,0,0,0,0.71257,0,0,0,0,0,0,0,0,0,0,0,0,0,0,0.83252,0,0,0,0.88867,0.89647,0,0,0.91592,0.92151,0.92565,0,0,0,0,0,0,0,0,0,0,0,0,0,1.0488,1.0527,0,0,1.0696,1.0765,1.0825,0,0,1.1059,1.1144,0,0,0,0,0,0,0,0,0,0,0,0,0,0,0,1.124,0,0,0,1.1243,1.1243,0,0,1.1246,1.1247,1.1251,0,0,0,0,0,0,0,0,0,0,0,0,0,0,0,0,0,0,0,1.128,0,0,0,1.1288,1.1289
0,0,0,0,0,0,0,0,0,0,0,0,0,0,0,0,0,0,0,0,0,0,0,0,0,0.72728,0.73663,0,0,0,0,0,0,0,0,0,0,0,0,0,0,0,0,0,0,0,0,0,0,0,0.93028,0.93601,0.94233,0,0,0.99723,1.0117,0,0,0,0,0,0,0,0,0,0,0,0,0,0,0,0,0,0,0,1.1289,1.1292,0,0,1.1294,1.1295,1.1297,0,0,1.1299,0,0,0,0,0,0,0,0,0,0,0,0,0,0,1.1309,1.1309,1.1312,0,0,1.1315,1.1317,0,0,0,1.1325,0,0,0,0,0,0,0,0,0,0,0,0,0,0
0,0,0,0,0,0,0,0,0,0,0,0,0,0,0,0,0,0,0,0,0,0,0,0,0,0.72733,0.73664,0.74374,0,0,0,0,0,0,0,0,0,0,0,0,0,0,0,0,0,0,0,0,0,0,0.93033,0.93607,0.9424,0.94821,0,0.99725,1.0119,1.0196,0,0,0,1.0395,0,0,0,0,0,0,0,0,0,0,0,0,0,1.1289,0,1.1347,1.1351,0,1.1354,1.1355,1.1357,1.1359,0,1.136,1.1363,1.1363,0,0,0,0,0,0,0,0,0,0,0,0,1.1374,1.1374,1.1375,0,0,1.1383,1.1385,1.1386,0,0,0,0,0,0,0,0,0,0,0,0,0,0,0,0,0
0,0,0,0,0,0,0,0,0,0,0,0,0,0,0,0,0,0,0,0,0,0,0,0,0,0,0.73672,0.74383,0,0,0,0,0.77817,0,0,0,0,0,0,0,0,0,0,0,0,0,0,0,0,0,0.93036,0.93621,0.94241,0.94823,0.95908,0,1.0119,1.0197,1.0254,0,0,0,1.045,0,0,0,0,0,0,0,0,0,0,0,0,1.1292,1.1347,0,1.1401,1.1401,1.1404,1.1404,1.1409,1.141,1.141,0,0,1.1412,1.1413,0,0,0,0,0,0,0,0,0,0,0,1.1434,1.1435,1.1435,1.1435,1.1436,0,1.1438,1.1439,1.1444,0,0,0,0,0,0,0,0,0,0,0,0,0,0,0,0
0,0,0,0,0,0,0,0,0,0,0,0,0,0,0,0,0,0,0,0,0,0,0,0,0,0,0,0.74402,0.74975,0,0,0,0,0.78587,0,0,0,0,0,0,0,0,0,0,0,0,0,0,0,0,0,0.93624,0.94244,0.94833,0.95914,0,0,1.0198,1.0255,1.0297,0,0,0,1.0492,0,0,0,0,0,0,0,0,0,0,0,0,1.1351,1.1401,0,1.1463,0,1.1465,1.1465,1.1466,1.1467,0,0,1.1469,1.1469,1.1471,0,0,0,0,0,0,0,0,0,0,0,1.1483,1.1484,1.1485,1.1486,0,1.1488,1.1488,1.1488,1.1489,0,0,0,1.1492,0,0,0,0,0,0,0,0,0,0,0
0,0,0,0,0,0,0,0,0,0,0,0,0,0,0,0,0,0,0,0,0,0,0,0,0,0,0,0,0,0.75664,0,0,0,0,0.79229,0,0,0,0,0,0,0,0,0,0,0,0,0,0,0,0,0,0.94253,0.94855,0.95937,0,0,0,1.0255,1.0298,0,0,0,0,1.0533,0,0,0,0,0,0,0,0,0,0,0,0,1.1401,1.1463,0,0,0,1.1508,1.1508,1.1508,0,0,0,1.151,1.1512,0,0,0,0,0,0,0,0,0,0,0,0,1.1522,1.1523,1.1525,0,0,0,1.1527,1.1528,0,0,0,0,1.1537,0,0,0,0,0,0,0,0,0,0
0,0,0,0,0,0,0,0,0,0,0,0,0,0,0,0,0,0,0,0,0,0,0,0,0,0.72777,0,0,0,0,0.76296,0.77106,0,0,0,0.79936,0,0,0,0,0,0,0,0,0,0,0,0,0,0,0.93071,0.93632,0,0,0,0.9988,1.0128,1.0198,0,0,1.0346,1.0398,0,0,0,1.0593,0,0,0,0,0,0,0,0,0,1.1294,1.1354,1.1404,0,0,0,1.1551,1.1553,0,0,1.1563,1.1563,1.1564,0,0,1.1565,1.1566,0,0,0,0,0,0,0,0,1.1574,1.1578,0,0,0,1.1583,1.1583,0,0,0,1.159,1.1591,0,0,0,1.1597,0,0,0,0,0,0,0,0,0
0,0,0,0,0,0,0,0,0,0,0,0,0,0,0,0,0,0,0,0,0,0,0,0,0,0,0.73724,0,0,0,0,0.77113,0.77851,0,0,0,0.80698,0,0,0,0,0,0,0,0,0,0,0,0,0,0.93075,0.93653,0.94278,0,0,0.99933,1.0129,1.02,1.0256,0,1.0346,1.04,1.0452,0,0,0,1.0651,0,0,0,0,0,0,0,0,1.1295,1.1355,1.1404,1.1465,0,1.1551,0,1.1611,1.1612,0,1.1614,1.1616,1.1618,1.1619,0,1.1622,1.1623,1.1623,0,0,0,0,0,0,0,1.1631,1.1632,1.1632,0,0,1.1637,1.1639,1.1639,1.164,0,1.1641,1.1645,1.1648,0,0,0,1.1656,0,0,0,0,0,0,0,0
0,0,0,0,0,0,0,0,0,0,0,0,0,0,0,0,0,0,0,0,0,0,0,0,0,0,0,0.74414,0,0,0,0.77117,0.77852,0.78608,0,0,0,0.81673,0,0,0,0,0,0,0,0,0,0,0,0,0.93083,0.93658,0.94284,0.94939,0,0.99936,1.0131,1.0201,1.0257,1.0303,0,1.04,1.0452,1.0494,0,0,0,1.0706,0,0,0,0,0,0,0,1.1297,1.1357,1.1409,1.1465,1.1508,1.1553,1.1611,0,1.1669,1.167,1.167,1.1672,1.1672,1.1673,0,0,1.1676,1.1677,1.1677,0,0,0,0,0,0,0,1.169,1.1692,1.1692,0,1.1698,1.17,1.1702,1.1703,1.1707,0,1.171,1.171,1.171,0,0,0,0,0,0,0,0,0,0,0
0,0,0,0,0,0,0,0,0,0,0,0,0,0,0,0,0,0,0,0,0,0,0,0,0,0,0,0,0,0,0,0,0.77859,0.78618,0.79254,0,0,0,0.82547,0,0,0,0,0,0,0,0,0,0,0,0,0,0.94284,0.9495,0.96068,0,1.0132,1.0201,1.0257,1.0303,0,0,1.0454,1.0495,1.0535,0,0,0,1.0783,0,0,0,0,0,0,0,1.1359,1.141,1.1466,1.1508,0,1.1612,1.1669,0,1.1725,0,1.1729,1.1729,1.1732,1.1733,0,0,1.1736,1.1739,1.174,0,0,0,0,0,0,0,1.1752,1.1754,1.1755,0,1.1757,1.1759,1.1765,1.1766,0,0,1.1771,1.1775,1.1776,0,0,0,1.1778,0,0,0,0,0,0
0,0,0,0,0,0,0,0,0,0,0,0,0,0,0,0,0,0,0,0,0,0,0,0,0,0,0,0,0,0.75688,0,0,0,0.78631,0.79255,0,0,0,0,0.83313,0,0,0,0,0,0,0,0,0,0,0,0,0,0.94959,0.96113,0,0,1.0202,1.0257,1.0304,0,0,0,1.0495,1.0536,0,0,0,0,1.0833,0,0,0,0,0,0,0,1.141,1.1467,1.1508,0,0,1.167,1.1725,0,0,0,1.1813,1.1818,1.182,0,0,0,1.1839,1.184,0,0,0,0,0,0,0,0,1.1873,1.1874,0,0,1.189,1.1907,1.1908,0,0,0,1.193,1.1937,0,0,0,0,1.1983,0,0,0,0,0
0,0,0,0,0,0,0,0,0,0,0,0,0,0,0,0,0,0,0,0,0,0,0,0,0,0,0,0,0,0,0.7633,0,0,0,0,0.79965,0.8075,0,0,0,0.84243,0,0,0,0,0,0,0,0,0,0.93124,0,0,0,0,1.001,1.0134,0,0,0,1.0348,1.0403,1.0455,0,0,1.0597,1.0657,0,0,0,1.0918,0,0,0,0,1.1299,1.136,0,0,0,1.1563,1.1614,1.167,0,0,0,1.2031,1.2043,0,0,1.206,1.2061,1.2066,0,0,1.2095,0,0,0,0,1.2123,0,0,0,0,1.2133,1.2134,0,0,0,1.2166,1.2167,0,0,0,1.2177,1.2181,0,0,0,1.2183,0,0,0,0
0,0,0,0,0,0,0,0,0,0,0,0,0,0,0,0,0,0,0,0,0,0,0,0,0,0,0,0,0,0,0,0,0,0,0,0,0.80755,0.81731,0,0,0,0.85923,0,0,0,0,0,0,0,0,0,0,0,0,0,1.0011,1.0135,1.0205,0,0,1.0348,1.0404,1.0456,1.0499,0,1.0597,1.0658,1.071,0,0,0,1.0996,0,0,0,0,1.1363,0,0,0,1.1563,1.1616,1.1672,1.1729,0,1.2031,0,1.2205,1.2206,0,1.2211,1.2223,1.2226,1.223,0,1.2235,1.2237,1.2237,0,0,0,1.2257,0,0,0,1.2275,1.2279,1.2279,0,0,1.228,1.2281,1.2282,1.2284,0,1.2286,1.2288,1.2289,0,0,0,1.2296,0,0,0
0,0,0,0,0,0,0,0,0,0,0,0,0,0,0,0,0,0,0,0,0,0,0,0,0,0,0,0,0,0,0,0,0.77886,0.78656,0,0,0.80768,0.81732,0.82597,0,0,0,0.87761,0,0,0,0,0,0,0,0,0,0.9429,0,0,0,1.0135,1.0205,1.0259,0,1.0348,1.0405,1.0457,1.0501,1.0539,0,1.0659,1.071,1.0784,0,0,0,1.1078,0,0,0,1.1363,1.1412,1.1469,0,1.1564,1.1618,1.1672,1.1729,1.1813,1.2043,1.2205,0,1.2301,1.2302,1.2304,1.2306,1.2307,1.2308,1.2316,0,0,1.2335,1.2337,0,0,0,1.2349,0,0,0,1.236,1.236,1.2365,0,0,1.2372,1.2373,1.2377,0,0,1.2381,1.2382,1.2383,0,0,0,1.239,0,0
0,0,0,0,0,0,0,0,0,0,0,0,0,0,0,0,0,0,0,0,0,0,0,0,0,0,0,0,0,0,0,0,0,0.78657,0,0,0,0.81741,0.82599,0.83353,0,0,0,0.89004,0,0,0,0,0,0,0,0,0,0.95005,0,0,0,1.0205,1.026,1.0308,0,1.0405,1.0457,1.0502,1.0539,0,0,1.0714,1.0785,1.0839,0,0,0,1.1173,0,0,0,1.1413,1.1469,1.151,0,1.1619,1.1673,1.1732,1.1818,0,1.2206,1.2301,0,1.2409,0,1.2411,1.2412,1.2412,1.2415,0,0,1.2418,1.2424,1.2428,0,0,0,1.2433,0,0,0,1.2437,1.2439,1.244,0,1.244,1.2441,1.2445,1.2447,0,0,1.245,1.2451,1.2452,0,0,0,1.2458,0
0,0,0,0,0,0,0,0,0,0,0,0,0,0,0,0,0,0,0,0,0,0,0,0,0,0,0,0,0,0,0,0,0,0,0.79277,0,0,0,0.826,0.83355,0,0,0,0,0.89783,0,0,0,0,0,0,0,0,0,0.96226,0,0,0,1.026,1.0309,0,0,1.0457,1.0502,1.0539,0,0,0,1.0785,1.0841,0,0,0,0,1.124,0,0,0,1.1471,1.1512,0,0,0,1.1733,1.182,0,0,1.2302,1.2409,0,0,0,1.2461,1.2468,1.2468,0,0,0,1.2475,1.2476,0,0,0,0,1.2483,0,0,0,1.2488,1.2488,0,0,1.2495,1.2497,1.2497,0,0,0,1.2504,1.2508,0,0,0,0,1.2517
0,0,0,0,0,0,0,0,0,0,0,0,0,0,0,0,0,0,0,0,0,0,0,0,0,0,0,0,0,0,0,0,0,0,0,0.80003,0,0,0,0,0.84308,0.85963,0,0,0,0.90427,0,0,0,0,0,0,0,0,0,1.0025,0,0,0,0,1.0352,1.0407,0,0,0,1.0602,1.0661,1.0716,0,0,1.0926,1.1001,0,0,0,0,0,0,0,0,1.1565,1.1622,0,0,0,1.206,1.2211,1.2304,0,0,0,1.252,1.252,0,0,1.2525,1.2526,1.2528,0,0,0,0,0,0,0,1.2537,0,0,0,0,1.2544,1.2547,0,0,0,1.2551,1.2552,1.2552,0,0,1.2564,1.2567,0,0,0
0,0,0,0,0,0,0,0,0,0,0,0,0,0,0,0,0,0,0,0,0,0,0,0,0,0,0,0,0,0,0,0,0,0,0,0,0.80817,0,0,0,0.8431,0.85963,0.87873,0,0,0,0.91168,0,0,0,0,0,0,0,0,0,1.014,0,0,0,1.0355,1.0409,1.0457,0,0,1.0602,1.0665,1.0717,1.0786,0,1.0927,1.1001,1.1087,0,0,0,0,0,0,0,1.1566,1.1623,1.1676,0,0,1.2061,1.2223,1.2306,1.2411,0,1.252,0,1.2573,1.258,0,1.2586,1.2588,1.2591,1.2592,0,0,0,0,0,0,0,1.2603,0,0,0,1.2611,1.2619,1.2622,0,0,1.2626,1.2626,1.2627,1.2628,0,1.263,1.2635,1.264,0,0
0,0,0,0,0,0,0,0,0,0,0,0,0,0,0,0,0,0,0,0,0,0,0,0,0,0,0,0,0,0,0,0,0,0,0,0,0,0.81756,0,0,0,0.85967,0.87878,0.89015,0,0,0,0.91681,0,0,0,0,0,0,0,0,0,1.0207,0,0,0,1.0409,1.0458,1.0503,0,1.0602,1.0665,1.0718,1.0787,1.0844,0,1.1005,1.1089,1.1185,0,0,0,0,0,0,0,1.1623,1.1677,1.1736,0,1.2066,1.2226,1.2307,1.2412,1.2461,1.252,1.2573,0,1.2642,1.2643,1.2644,1.2644,1.2647,1.265,1.2651,0,0,0,0,0,0,0,1.2668,0,0,0,1.2671,1.2672,1.2672,0,1.2674,1.2676,1.268,1.2681,1.2681,0,1.2685,1.2685,1.2688,0
